0.000000 0.000000 0.000000 0.000000 0.000000 0.000000 0.000000 1.000000
1.000000 -0.624611 0.331910 -0.706892 0.007383 -0.004718 -0.005194 0.999948
0.000000 0.000000 0.000000 0.000000 0.000000 0.000000 0.000000 1.000000
0.000000 0.000000 0.000000 0.000000 0.000000 0.000000 0.000000 1.000000
0.000000 0.000000 0.000000 0.000000 0.000000 0.000000 0.000000 1.000000
0.000000 0.000000 0.000000 0.000000 0.000000 0.000000 0.000000 1.000000
0.000000 0.000000 0.000000 0.000000 0.000000 0.000000 0.000000 1.000000
0.000000 0.000000 0.000000 0.000000 0.000000 0.000000 0.000000 1.000000
0.000000 0.000000 0.000000 0.000000 0.000000 0.000000 0.000000 1.000000
0.000000 0.000000 0.000000 0.000000 0.000000 0.000000 0.000000 1.000000
1.000000 -0.624611 0.331910 -0.706892 0.007383 -0.004718 -0.005194 0.999948
2.000000 -0.249134 0.713104 0.137921 0.016889 -0.008662 -0.009436 0.999775
3.000000 -0.280911 0.624110 1.133446 0.023590 -0.009995 -0.013125 0.999586
4.000000 -0.477578 1.451376 0.607182 -0.218027 0.809275 -0.545436 0.006039
5.000000 -0.926403 0.741336 0.064597 -0.221866 0.804681 -0.550615 0.009339
