0.000000 0.000000 0.000000 0.000000 0.000000 0.000000 0.000000 1.000000
1.000000 -0.027671 -0.026305 0.999271 -0.000025 0.000142 -0.001204 0.999999
2.000000 -0.197620 -0.106645 1.981443 -0.000952 0.003957 0.000956 0.999991
3.000000 -0.195017 -0.132965 2.981094 -0.001084 0.004352 0.000977 0.999989
4.000000 -0.191541 -0.146385 3.980998 -0.001098 0.004364 0.000843 0.999990
5.000000 -0.181908 -0.159865 4.980860 -0.000956 0.005313 0.000202 0.999985
6.000000 -0.141484 -0.176177 5.979910 -0.000779 0.004165 -0.000183 0.999991
7.000000 -0.069468 -0.198808 6.977056 -0.000850 0.004203 -0.001930 0.999989
8.000000 0.004879 -0.196605 7.974286 -0.001222 0.003722 -0.002714 0.999989
9.000000 0.065365 -0.232911 8.971795 -0.001655 0.002399 -0.002146 0.999993
10.000000 -0.002851 -0.269089 9.968809 -0.001399 0.001892 -0.000593 0.999997
11.000000 0.028264 -0.288755 10.968132 -0.001340 0.000078 -0.000146 0.999999
12.000000 0.064988 -0.292137 11.967451 -0.000796 -0.000708 -0.000563 0.999999
13.000000 0.157189 -0.300202 12.963159 -0.000433 -0.002244 -0.001725 0.999996
14.000000 0.240345 -0.290537 13.959649 -0.000418 -0.003361 -0.003715 0.999987
15.000000 0.240174 -0.297645 14.959624 -0.000685 -0.003262 -0.003845 0.999987
16.000000 0.224659 -0.315501 15.959344 -0.000768 -0.003522 -0.003637 0.999987
17.000000 0.143147 -0.342516 16.955650 -0.000648 -0.002938 -0.003547 0.999989
18.000000 0.082169 -0.362330 17.953592 -0.000271 -0.002693 -0.002925 0.999992
19.000000 0.093003 -0.368596 18.953514 -0.000193 -0.003755 -0.002941 0.999989
20.000000 0.085767 -0.387806 19.953303 0.000002 -0.004682 -0.003137 0.999984
21.000000 0.101986 -0.395630 20.953141 0.000488 -0.005681 -0.004437 0.999974
22.000000 0.146050 -0.396427 21.952170 0.000527 -0.006760 -0.005408 0.999962
23.000000 0.142414 -0.391314 22.952150 0.000022 -0.007771 -0.004200 0.999961
24.000000 0.161685 -0.389971 23.951963 0.000240 -0.009035 -0.004192 0.999950
25.000000 0.078261 -0.430114 24.947668 0.000374 -0.008637 -0.004493 0.999953
26.000000 0.016662 -0.466937 25.945090 0.000797 -0.009070 -0.003398 0.999953
27.000000 -0.026865 -0.486698 26.943947 0.000622 -0.009888 -0.003027 0.999946
28.000000 -0.047423 -0.518540 27.943228 -0.000230 -0.009895 -0.001989 0.999949
29.000000 -0.031655 -0.534852 28.942971 -0.000477 -0.010693 -0.002755 0.999939
30.000000 -0.084850 -0.554247 29.941367 -0.000452 -0.010097 -0.002920 0.999945
31.000000 -0.075178 -0.561819 30.941291 -0.000539 -0.011018 -0.002988 0.999935
32.000000 -0.015861 -0.498889 31.937545 0.000835 -0.011964 -0.004010 0.999920
33.000000 -0.022799 -0.502846 32.937513 0.000465 -0.011749 -0.004799 0.999919
34.000000 -0.049119 -0.511271 33.937131 0.000345 -0.011986 -0.004297 0.999919
35.000000 -0.079162 -0.525712 34.936575 0.000478 -0.012485 -0.004858 0.999910
36.000000 -0.130456 -0.544474 35.935083 0.000603 -0.011923 -0.005495 0.999914
37.000000 -0.125789 -0.558117 36.934979 -0.000303 -0.012405 -0.008334 0.999888
38.000000 -0.162604 -0.562734 37.934290 -0.001253 -0.011233 -0.008761 0.999898
39.000000 -0.161904 -0.589011 38.933945 -0.002849 -0.011243 -0.009129 0.999891
40.000000 -0.180832 -0.626743 39.933053 -0.004969 -0.011748 -0.007742 0.999889
41.000000 -0.195591 -0.648146 40.932715 -0.005628 -0.011575 -0.006211 0.999898
42.000000 -0.221012 -0.643839 41.932383 -0.004499 -0.011246 -0.005202 0.999913
43.000000 -0.192726 -0.681365 42.931278 -0.004226 -0.012995 -0.005034 0.999894
44.000000 -0.209401 -0.688437 43.931114 -0.004036 -0.013093 -0.005096 0.999893
45.000000 -0.286212 -0.697881 44.928115 -0.003618 -0.012110 -0.004807 0.999909
46.000000 -0.304728 -0.655561 45.927047 -0.001587 -0.011432 -0.006970 0.999909
47.000000 -0.330857 -0.652374 46.926701 -0.001364 -0.011277 -0.008022 0.999903
48.000000 -0.344095 -0.667595 47.926497 -0.002555 -0.011901 -0.009401 0.999882
49.000000 -0.285863 -0.632472 48.924182 -0.001532 -0.013864 -0.010913 0.999843
50.000000 -0.325530 -0.657392 49.923085 -0.001493 -0.013712 -0.010826 0.999846
51.000000 -0.339517 -0.669592 50.922912 -0.001546 -0.014884 -0.011422 0.999823
52.000000 -0.380606 -0.697053 51.921690 -0.001209 -0.015272 -0.009655 0.999836
53.000000 -0.390635 -0.707227 52.921588 -0.000743 -0.016173 -0.009651 0.999822
54.000000 -0.393741 -0.696657 53.921528 -0.000283 -0.017177 -0.009615 0.999806
55.000000 -0.397876 -0.687240 54.921475 -0.000221 -0.018043 -0.010144 0.999786
56.000000 -0.472468 -0.724841 55.917980 0.000182 -0.016858 -0.010475 0.999803
57.000000 -0.526451 -0.748468 56.916242 0.000573 -0.017144 -0.011406 0.999788
58.000000 -0.641144 -0.798454 57.908385 -0.000046 -0.015409 -0.011937 0.999810
59.000000 -0.735734 -0.819949 58.903669 0.000028 -0.014484 -0.012941 0.999811
60.000000 -0.812240 -0.844805 59.900428 -0.000059 -0.014617 -0.012949 0.999809
61.000000 -0.882714 -0.878132 60.897385 -0.000773 -0.013540 -0.012816 0.999826
62.000000 -0.953476 -0.915045 61.894195 -0.001308 -0.012344 -0.013282 0.999835
63.000000 -0.986228 -0.938884 62.893374 -0.000575 -0.010877 -0.012614 0.999861
64.000000 -0.980032 -0.948156 63.893312 0.002080 -0.009752 -0.011230 0.999887
65.000000 -1.015781 -0.971015 64.892411 0.002355 -0.009142 -0.010069 0.999905
66.000000 -1.052084 -0.985592 65.891646 0.001159 -0.007612 -0.008608 0.999933
67.000000 -1.065535 -1.005322 66.891360 0.000505 -0.005240 -0.008836 0.999947
68.000000 -1.047303 -1.032527 67.890824 0.001123 -0.003543 -0.008163 0.999960
69.000000 -1.077770 -1.052718 68.890156 0.002442 -0.000685 -0.008451 0.999961
70.000000 -1.069671 -1.071449 69.889948 0.004494 0.001380 -0.008600 0.999952
71.000000 -1.070182 -1.101088 70.889508 0.005066 0.002999 -0.007762 0.999953
72.000000 -1.002525 -1.128822 71.886831 0.003717 0.004467 -0.008265 0.999949
73.000000 -0.973824 -1.162385 72.885856 0.003498 0.004284 -0.009090 0.999943
74.000000 -0.921052 -1.168977 73.884440 0.005185 0.004997 -0.009590 0.999928
75.000000 -0.948464 -1.192071 74.883798 0.006700 0.007890 -0.009742 0.999899
76.000000 -0.949342 -1.197209 75.883784 0.007126 0.009968 -0.011101 0.999863
77.000000 -0.907378 -1.224524 76.882530 0.006310 0.011098 -0.010685 0.999861
78.000000 -0.821335 -1.223852 77.878821 0.006114 0.011726 -0.011273 0.999849
79.000000 -0.800097 -1.253767 78.878148 0.005109 0.013448 -0.010295 0.999844
80.000000 -0.807564 -1.294003 79.877310 0.004434 0.014166 -0.009629 0.999843
81.000000 -0.788411 -1.309520 80.877006 0.005901 0.014867 -0.009913 0.999823
82.000000 -0.609866 -1.336699 81.860563 0.007786 0.013913 -0.009538 0.999827
83.000000 -0.635526 -1.389982 82.858812 0.008827 0.014999 -0.009288 0.999805
84.000000 -0.684014 -1.470095 83.854418 0.008607 0.016187 -0.008073 0.999799
85.000000 -0.633066 -1.533387 84.851112 0.007775 0.015383 -0.007798 0.999821
86.000000 -0.615511 -1.574780 85.850101 0.006784 0.015273 -0.007781 0.999830
87.000000 -0.599244 -1.587106 86.849892 0.006217 0.014420 -0.007778 0.999846
88.000000 -0.414668 -1.580038 87.832685 0.006318 0.011456 -0.008280 0.999880
89.000000 -0.408035 -1.611587 88.832165 0.005934 0.010296 -0.007686 0.999900
90.000000 -0.369121 -1.659763 89.830246 0.005498 0.008078 -0.007509 0.999924
91.000000 -0.383864 -1.687361 90.829756 0.005264 0.006881 -0.007584 0.999934
92.000000 -0.391349 -1.707492 91.829526 0.005186 0.005517 -0.007310 0.999945
93.000000 -0.323935 -1.721620 92.827151 0.004665 0.002843 -0.007488 0.999957
94.000000 -0.309553 -1.727393 93.827031 0.004114 0.001042 -0.008633 0.999954
95.000000 -0.313980 -1.777598 94.825760 0.003294 -0.000895 -0.008035 0.999962
96.000000 -0.369700 -1.784200 95.824184 0.003347 -0.002584 -0.008223 0.999957
97.000000 -0.379117 -1.805108 96.823921 0.003507 -0.005119 -0.009002 0.999940
98.000000 -0.418682 -1.843279 97.822409 0.003670 -0.008407 -0.009316 0.999915
99.000000 -0.415460 -1.901358 98.820716 0.003414 -0.011123 -0.010076 0.999882
