0.000000 0.000000 0.000000 0.000000 0.000000 0.000000 0.000000 1.000000
1.000000 0.259870 -0.182095 -0.948319 -0.003518 0.005789 0.000308 0.999977
2.000000 -0.592287 -0.545380 -0.571685 0.855711 0.362843 -0.368918 0.001837
3.000000 0.048565 0.193522 -0.779850 0.856141 0.363506 -0.367251 0.003693
4.000000 0.941462 0.557478 -0.514761 0.857805 0.362896 -0.363955 0.003619
5.000000 1.389620 1.434590 -0.342055 0.858047 0.364719 -0.361548 0.004332
6.000000 1.897789 2.193510 0.065136 0.858341 0.365690 -0.359865 0.004313
7.000000 2.554083 2.944380 0.139116 0.858053 0.366564 -0.359666 0.004116
8.000000 3.294538 3.610544 0.228289 0.857831 0.366958 -0.359802 0.003296
9.000000 3.986806 4.314300 0.387952 0.857492 0.367796 -0.359762 0.002336
10.000000 4.787293 4.253464 -0.208304 0.856282 0.368686 -0.361733 -0.000092
11.000000 5.625182 4.753696 0.010121 0.855610 0.369239 -0.362751 -0.002324
12.000000 5.225720 4.020669 -0.540426 0.854346 0.371068 -0.363846 -0.004174
13.000000 4.239956 3.890930 -0.433484 0.853172 0.370918 -0.366698 -0.007159
14.000000 3.625689 3.957755 -1.219747 0.852140 0.371721 -0.368224 -0.009610
15.000000 4.149312 4.358918 -0.468158 0.850597 0.373039 -0.370376 -0.012148
16.000000 4.493613 4.495757 0.460676 0.849050 0.374328 -0.372520 -0.014878
17.000000 5.154103 5.095811 0.911994 0.847341 0.375156 -0.375433 -0.017929
18.000000 4.589501 5.102282 0.086656 0.845486 0.376381 -0.378182 -0.021655
19.000000 4.314440 4.885374 -0.849982 0.843771 0.377486 -0.380722 -0.024602
20.000000 3.959750 3.993077 -1.129270 0.841652 0.378633 -0.384049 -0.027649
21.000000 4.831700 4.282242 -0.734193 0.839265 0.380012 -0.387652 -0.030841
22.000000 5.382068 4.937730 -0.217057 0.837042 0.380976 -0.391219 -0.034149
23.000000 4.774030 5.625902 -0.612921 0.835178 0.381159 -0.394555 -0.039003
24.000000 5.542188 6.108693 -0.192391 0.833035 0.382000 -0.397908 -0.042401
25.000000 5.527876 5.286508 -0.761431 0.830700 0.383596 -0.400945 -0.045101
26.000000 5.079316 4.448699 -1.072673 0.828625 0.383845 -0.404618 -0.048260
27.000000 6.027712 4.291821 -1.348236 0.827086 0.382914 -0.408223 -0.051567
28.000000 5.364726 3.689257 -1.792496 0.824868 0.383695 -0.411542 -0.054814
29.000000 4.812396 3.706494 -2.625943 0.823251 0.383918 -0.414108 -0.058129
30.000000 5.200362 4.251431 -1.882622 0.821426 0.384217 -0.417053 -0.060860
31.000000 4.665865 4.597485 -2.653699 0.819855 0.384757 -0.419219 -0.063675
32.000000 5.537694 5.086771 -2.676357 0.818494 0.384234 -0.421913 -0.066498
33.000000 6.260991 5.772136 -2.592000 0.817165 0.384451 -0.423878 -0.069038
34.000000 6.986629 5.234850 -3.021851 0.816130 0.382756 -0.426693 -0.073228
35.000000 7.163175 4.281365 -3.266184 0.815709 0.381962 -0.427834 -0.075382
36.000000 7.432717 4.914796 -2.540848 -0.569745 0.657506 -0.469081 -0.151786
37.000000 7.723006 4.122863 -3.078039 -0.570522 0.656077 -0.470211 -0.151560
38.000000 8.244595 3.744139 -3.842574 -0.571351 0.654383 -0.471427 -0.151977
39.000000 7.957015 4.154168 -2.977026 -0.571798 0.653209 -0.472307 -0.152614
40.000000 7.879323 5.140238 -2.829955 -0.571745 0.651676 -0.473948 -0.154273
41.000000 8.865732 5.155410 -2.666350 -0.570812 0.650071 -0.477829 -0.152516
42.000000 8.661955 5.507621 -1.752882 -0.570631 0.648896 -0.478852 -0.154967
43.000000 8.965236 6.263427 -1.172557 -0.570087 0.647916 -0.480049 -0.157349
44.000000 8.406069 6.862307 -0.599254 -0.569068 0.647279 -0.481279 -0.159879
45.000000 8.015578 7.182672 0.263812 -0.568325 0.646342 -0.482506 -0.162595
46.000000 8.177873 6.610993 -0.540454 -0.567177 0.645300 -0.484103 -0.165957
47.000000 7.660177 7.126546 0.142332 -0.565434 0.644562 -0.486019 -0.169146
48.000000 8.116141 7.307937 -0.728986 -0.564653 0.644054 -0.487042 -0.170736
49.000000 8.593852 6.735130 -1.395083 -0.562964 0.643020 -0.489140 -0.174178
50.000000 8.208663 6.247202 -0.611785 -0.563518 0.642831 -0.488836 -0.173938
51.000000 8.448524 5.278271 -0.672112 -0.561980 0.641817 -0.490688 -0.177411
52.000000 7.858789 5.451637 0.116657 -0.559526 0.641368 -0.493235 -0.179711
53.000000 7.702509 5.440984 1.104312 -0.557812 0.640989 -0.494581 -0.182670
54.000000 7.090915 4.953264 1.727275 -0.558955 0.640157 -0.495361 -0.179962
55.000000 6.676273 4.657509 2.587857 -0.557275 0.639292 -0.497324 -0.182812
56.000000 6.565454 4.672488 3.581584 -0.556081 0.638111 -0.498900 -0.186245
57.000000 5.884208 3.992455 3.310551 -0.553257 0.637601 -0.501677 -0.188922
58.000000 5.220288 3.359090 2.912984 -0.551081 0.636384 -0.504751 -0.191186
59.000000 5.425568 2.875530 2.062085 -0.549774 0.634183 -0.507631 -0.194607
60.000000 4.713037 2.189716 1.913901 -0.547283 0.633207 -0.510651 -0.196887
61.000000 3.944770 2.363662 1.297860 -0.452813 0.091896 0.265986 0.846030
62.000000 3.920998 1.412821 1.606623 -0.453343 0.096452 0.265011 0.845545
63.000000 2.993946 1.614864 1.290785 -0.449917 0.103458 0.260336 0.847995
64.000000 2.365436 1.303826 2.003688 0.690167 0.421364 -0.397940 0.433319
65.000000 2.363952 2.149666 2.537122 0.691699 0.423060 -0.397022 0.430053
66.000000 1.746546 2.105633 3.322533 0.693884 0.423834 -0.395800 0.426887
67.000000 1.137156 1.312765 3.320109 0.696564 0.424645 -0.393553 0.423783
68.000000 1.345954 2.281063 3.457235 0.699395 0.425606 -0.391868 0.419698
69.000000 1.050187 3.110645 3.930853 0.701333 0.426501 -0.391016 0.416335
70.000000 1.422701 3.311799 3.024890 0.702003 0.424071 -0.393847 0.415017
71.000000 1.407022 4.291748 3.223524 0.704375 0.424946 -0.393232 0.410665
72.000000 0.829892 3.642508 3.718912 -0.190971 -0.140809 0.415276 0.878208
73.000000 1.471795 3.015264 3.277862 -0.243166 0.734600 0.594420 -0.218858
74.000000 2.298964 2.496353 3.062169 -0.246049 0.735457 0.591778 -0.219913
75.000000 1.493133 3.088435 3.053445 -0.248503 0.736725 0.588785 -0.220939
76.000000 0.593928 3.525653 3.037015 -0.251171 0.738104 0.585865 -0.221083
77.000000 0.476897 4.501827 3.219737 -0.254286 0.739247 0.582756 -0.221919
78.000000 0.190099 5.119597 3.951930 -0.255692 0.741454 0.578733 -0.223463
79.000000 -0.527640 5.807494 4.059852 -0.258343 0.742526 0.575896 -0.224183
80.000000 0.221414 6.364824 3.701659 0.418108 -0.461019 0.782566 -0.015399
81.000000 -0.395735 6.827483 3.065206 0.415978 -0.459000 0.784876 -0.015832
82.000000 -0.940407 7.548308 2.636552 0.413894 -0.456643 0.787346 -0.015988
83.000000 -0.225830 6.917684 2.939362 0.411921 -0.454632 0.789534 -0.016340
84.000000 0.293834 6.154178 3.322776 0.410090 -0.452668 0.791617 -0.016124
85.000000 -0.110862 6.948057 2.868931 0.408568 -0.450381 0.793717 -0.015553
86.000000 -0.333107 7.834702 2.463384 0.406468 -0.448587 0.795811 -0.015418
87.000000 -1.023188 8.455975 2.092160 0.404890 -0.446908 0.797558 -0.015441
88.000000 -0.509439 8.014676 1.356418 0.402750 -0.446138 0.799056 -0.016198
89.000000 -0.322256 7.236972 0.756302 0.400877 -0.445698 0.800243 -0.016200
90.000000 -1.241022 7.612476 0.878231 0.399716 -0.444820 0.801311 -0.016185
91.000000 -1.781053 8.417812 0.633690 0.398082 -0.444029 0.802571 -0.015745
92.000000 -1.042721 7.903260 0.197683 0.397089 -0.443637 0.803281 -0.015658
93.000000 -1.597844 8.674024 -0.114985 0.395508 -0.443517 0.804137 -0.015167
94.000000 -2.500498 9.100530 -0.057475 0.393835 -0.443678 0.804872 -0.014974
95.000000 -2.947154 9.876217 -0.503353 0.392115 -0.443706 0.805715 -0.013915
96.000000 -2.391135 9.135254 -0.126769 0.390131 -0.444674 0.806152 -0.013485
97.000000 -2.878130 9.889093 -0.567860 0.388069 -0.445454 0.806722 -0.013128
98.000000 -3.411485 10.255022 0.194785 0.386785 -0.446862 0.806567 -0.012712
99.000000 -2.850476 9.427218 0.197984 0.385316 -0.447814 0.806766 -0.011086
0.000000 0.000000 0.000000 0.000000 0.000000 0.000000 0.000000 1.000000
1.000000 0.259870 -0.182095 -0.948319 -0.003518 0.005789 0.000308 0.999977
2.000000 -0.592287 -0.545380 -0.571685 0.855711 0.362843 -0.368918 0.001837
3.000000 0.048565 0.193522 -0.779850 0.856141 0.363506 -0.367251 0.003693
4.000000 0.941462 0.557478 -0.514761 0.857805 0.362896 -0.363955 0.003619
5.000000 1.389620 1.434590 -0.342055 0.858047 0.364719 -0.361548 0.004332
6.000000 1.897789 2.193510 0.065136 0.858341 0.365690 -0.359865 0.004313
7.000000 2.554083 2.944380 0.139116 0.858053 0.366564 -0.359666 0.004116
8.000000 3.294538 3.610544 0.228289 0.857831 0.366958 -0.359802 0.003296
9.000000 3.986806 4.314300 0.387952 0.857492 0.367796 -0.359762 0.002336
10.000000 4.787293 4.253464 -0.208304 0.856282 0.368686 -0.361733 -0.000092
11.000000 5.625182 4.753696 0.010121 0.855610 0.369239 -0.362751 -0.002324
12.000000 5.225720 4.020669 -0.540426 0.854346 0.371068 -0.363846 -0.004174
13.000000 4.239956 3.890930 -0.433484 0.853172 0.370918 -0.366698 -0.007159
14.000000 3.625689 3.957755 -1.219747 0.852140 0.371721 -0.368224 -0.009610
15.000000 4.149312 4.358918 -0.468158 0.850597 0.373039 -0.370376 -0.012148
16.000000 4.493613 4.495757 0.460676 0.849050 0.374328 -0.372520 -0.014878
17.000000 5.154103 5.095811 0.911994 0.847341 0.375156 -0.375433 -0.017929
18.000000 4.589501 5.102282 0.086656 0.845486 0.376381 -0.378182 -0.021655
19.000000 4.314440 4.885374 -0.849982 0.843771 0.377486 -0.380722 -0.024602
20.000000 3.959750 3.993077 -1.129270 0.841652 0.378633 -0.384049 -0.027649
21.000000 4.831700 4.282242 -0.734193 0.839265 0.380012 -0.387652 -0.030841
22.000000 5.382068 4.937730 -0.217057 0.837042 0.380976 -0.391219 -0.034149
23.000000 4.774030 5.625902 -0.612921 0.835178 0.381159 -0.394555 -0.039003
24.000000 5.542188 6.108693 -0.192391 0.833035 0.382000 -0.397908 -0.042401
25.000000 5.527876 5.286508 -0.761431 0.830700 0.383596 -0.400945 -0.045101
26.000000 5.079316 4.448699 -1.072673 0.828625 0.383845 -0.404618 -0.048260
27.000000 6.027712 4.291821 -1.348236 0.827086 0.382914 -0.408223 -0.051567
28.000000 5.364726 3.689257 -1.792496 0.824868 0.383695 -0.411542 -0.054814
29.000000 4.812396 3.706494 -2.625943 0.823251 0.383918 -0.414108 -0.058129
30.000000 5.200362 4.251431 -1.882622 0.821426 0.384217 -0.417053 -0.060860
31.000000 4.665865 4.597485 -2.653699 0.819855 0.384757 -0.419219 -0.063675
32.000000 5.537694 5.086771 -2.676357 0.818494 0.384234 -0.421913 -0.066498
33.000000 6.260991 5.772136 -2.592000 0.817165 0.384451 -0.423878 -0.069038
34.000000 6.986629 5.234850 -3.021851 0.816130 0.382756 -0.426693 -0.073228
35.000000 7.163175 4.281365 -3.266184 0.815709 0.381962 -0.427834 -0.075382
36.000000 7.432717 4.914796 -2.540848 -0.569745 0.657506 -0.469081 -0.151786
37.000000 7.723006 4.122863 -3.078039 -0.570522 0.656077 -0.470211 -0.151560
38.000000 8.244595 3.744139 -3.842574 -0.571351 0.654383 -0.471427 -0.151977
39.000000 7.957015 4.154168 -2.977026 -0.571798 0.653209 -0.472307 -0.152614
40.000000 7.879323 5.140238 -2.829955 -0.571745 0.651676 -0.473948 -0.154273
41.000000 8.865732 5.155410 -2.666350 -0.570812 0.650071 -0.477829 -0.152516
42.000000 8.661955 5.507621 -1.752882 -0.570631 0.648896 -0.478852 -0.154967
43.000000 8.965236 6.263427 -1.172557 -0.570087 0.647916 -0.480049 -0.157349
44.000000 8.406069 6.862307 -0.599254 -0.569068 0.647279 -0.481279 -0.159879
45.000000 8.015578 7.182672 0.263812 -0.568325 0.646342 -0.482506 -0.162595
46.000000 8.177873 6.610993 -0.540454 -0.567177 0.645300 -0.484103 -0.165957
47.000000 7.660177 7.126546 0.142332 -0.565434 0.644562 -0.486019 -0.169146
48.000000 8.116141 7.307937 -0.728986 -0.564653 0.644054 -0.487042 -0.170736
49.000000 8.593852 6.735130 -1.395083 -0.562964 0.643020 -0.489140 -0.174178
50.000000 8.208663 6.247202 -0.611785 -0.563518 0.642831 -0.488836 -0.173938
51.000000 8.448524 5.278271 -0.672112 -0.561980 0.641817 -0.490688 -0.177411
52.000000 7.858789 5.451637 0.116657 -0.559526 0.641368 -0.493235 -0.179711
53.000000 7.702509 5.440984 1.104312 -0.557812 0.640989 -0.494581 -0.182670
54.000000 7.090915 4.953264 1.727275 -0.558955 0.640157 -0.495361 -0.179962
55.000000 6.676273 4.657509 2.587857 -0.557275 0.639292 -0.497324 -0.182812
56.000000 6.565454 4.672488 3.581584 -0.556081 0.638111 -0.498900 -0.186245
57.000000 5.884208 3.992455 3.310551 -0.553257 0.637601 -0.501677 -0.188922
58.000000 5.220288 3.359090 2.912984 -0.551081 0.636384 -0.504751 -0.191186
59.000000 5.425568 2.875530 2.062085 -0.549774 0.634183 -0.507631 -0.194607
60.000000 4.713037 2.189716 1.913901 -0.547283 0.633207 -0.510651 -0.196887
61.000000 3.944770 2.363662 1.297860 -0.452813 0.091896 0.265986 0.846030
62.000000 3.920998 1.412821 1.606623 -0.453343 0.096452 0.265011 0.845545
63.000000 2.993946 1.614864 1.290785 -0.449917 0.103458 0.260336 0.847995
64.000000 2.365436 1.303826 2.003688 0.690167 0.421364 -0.397940 0.433319
65.000000 2.363952 2.149666 2.537122 0.691699 0.423060 -0.397022 0.430053
66.000000 1.746546 2.105633 3.322533 0.693884 0.423834 -0.395800 0.426887
67.000000 1.137156 1.312765 3.320109 0.696564 0.424645 -0.393553 0.423783
68.000000 1.345954 2.281063 3.457235 0.699395 0.425606 -0.391868 0.419698
69.000000 1.050187 3.110645 3.930853 0.701333 0.426501 -0.391016 0.416335
70.000000 1.422701 3.311799 3.024890 0.702003 0.424071 -0.393847 0.415017
71.000000 1.407022 4.291748 3.223524 0.704375 0.424946 -0.393232 0.410665
72.000000 0.829892 3.642508 3.718912 -0.190971 -0.140809 0.415276 0.878208
73.000000 1.471795 3.015264 3.277862 -0.243166 0.734600 0.594420 -0.218858
74.000000 2.298964 2.496353 3.062169 -0.246049 0.735457 0.591778 -0.219913
75.000000 1.493133 3.088435 3.053445 -0.248503 0.736725 0.588785 -0.220939
76.000000 0.593928 3.525653 3.037015 -0.251171 0.738104 0.585865 -0.221083
77.000000 0.476897 4.501827 3.219737 -0.254286 0.739247 0.582756 -0.221919
78.000000 0.190099 5.119597 3.951930 -0.255692 0.741454 0.578733 -0.223463
79.000000 -0.527640 5.807494 4.059852 -0.258343 0.742526 0.575896 -0.224183
80.000000 0.221414 6.364824 3.701659 0.418108 -0.461019 0.782566 -0.015399
81.000000 -0.395735 6.827483 3.065206 0.415978 -0.459000 0.784876 -0.015832
82.000000 -0.940407 7.548308 2.636552 0.413894 -0.456643 0.787346 -0.015988
83.000000 -0.225830 6.917684 2.939362 0.411921 -0.454632 0.789534 -0.016340
84.000000 0.293834 6.154178 3.322776 0.410090 -0.452668 0.791617 -0.016124
85.000000 -0.110862 6.948057 2.868931 0.408568 -0.450381 0.793717 -0.015553
86.000000 -0.333107 7.834702 2.463384 0.406468 -0.448587 0.795811 -0.015418
87.000000 -1.023188 8.455975 2.092160 0.404890 -0.446908 0.797558 -0.015441
88.000000 -0.509439 8.014676 1.356418 0.402750 -0.446138 0.799056 -0.016198
89.000000 -0.322256 7.236972 0.756302 0.400877 -0.445698 0.800243 -0.016200
90.000000 -1.241022 7.612476 0.878231 0.399716 -0.444820 0.801311 -0.016185
91.000000 -1.781053 8.417812 0.633690 0.398082 -0.444029 0.802571 -0.015745
92.000000 -1.042721 7.903260 0.197683 0.397089 -0.443637 0.803281 -0.015658
93.000000 -1.597844 8.674024 -0.114985 0.395508 -0.443517 0.804137 -0.015167
94.000000 -2.500498 9.100530 -0.057475 0.393835 -0.443678 0.804872 -0.014974
95.000000 -2.947154 9.876217 -0.503353 0.392115 -0.443706 0.805715 -0.013915
96.000000 -2.391135 9.135254 -0.126769 0.390131 -0.444674 0.806152 -0.013485
97.000000 -2.878130 9.889093 -0.567860 0.388069 -0.445454 0.806722 -0.013128
98.000000 -3.411485 10.255022 0.194785 0.386785 -0.446862 0.806567 -0.012712
99.000000 -2.850476 9.427218 0.197984 0.385316 -0.447814 0.806766 -0.011086
100.000000 -3.388660 10.186794 -0.167259 0.383961 -0.449311 0.806596 -0.009847
101.000000 -4.003449 10.963965 -0.301573 0.382745 -0.451127 0.806171 -0.008896
102.000000 -4.297879 11.874012 -0.593338 0.381585 -0.452967 0.805704 -0.007441
103.000000 -3.420672 11.394369 -0.614584 0.381773 -0.454649 0.804672 -0.006858
104.000000 -2.823730 10.613814 -0.429131 0.380370 -0.456554 0.804268 -0.005505
105.000000 -3.368911 11.441343 -0.563192 0.379330 -0.459148 0.803287 -0.004629
106.000000 -2.822455 10.727302 -0.125548 0.378053 -0.461450 0.802575 -0.003759
107.000000 -1.957086 10.242078 -0.000274 0.378512 -0.463235 0.801333 -0.002662
108.000000 -2.563073 10.889592 -0.462340 0.377858 -0.465242 0.800482 -0.001335
109.000000 -3.115961 11.693862 -0.680202 0.376987 -0.467480 0.799590 0.000054
110.000000 -3.044287 10.802558 -1.127906 0.921675 0.227901 -0.300671 0.090402
111.000000 -3.468652 11.586465 -0.674692 0.921616 0.229458 -0.298241 0.095004
112.000000 -3.119844 11.788289 0.240513 0.921697 0.230287 -0.296568 0.097419
113.000000 -2.611326 12.013117 1.071694 0.921584 0.230754 -0.295666 0.100086
114.000000 -2.224556 12.608270 1.776111 0.921438 0.231773 -0.294237 0.103242
115.000000 -1.600539 12.762067 2.542236 0.921546 0.232202 -0.292631 0.105841
116.000000 -1.859381 12.366773 1.660906 0.921329 0.233598 -0.291191 0.108593
117.000000 -2.352421 13.074290 2.167197 0.921157 0.235408 -0.288253 0.113854
118.000000 -1.540755 13.535502 2.525641 0.920847 0.236083 -0.287588 0.116616
119.000000 -1.385527 13.447774 1.541665 0.920834 0.236847 -0.285948 0.119176
120.000000 -1.559768 13.565669 2.519285 0.920748 0.238196 -0.283929 0.121942
121.000000 -1.157119 13.844315 3.391197 0.920647 0.239035 -0.282312 0.124790
122.000000 -1.508359 12.912699 3.484581 0.919777 0.240885 -0.281690 0.128977
123.000000 -1.673589 12.539961 2.571473 0.919669 0.241015 -0.280616 0.131814
124.000000 -1.506574 12.419671 1.592884 0.919445 0.241459 -0.279509 0.134883
125.000000 -1.044766 12.697829 2.435120 0.919152 0.242347 -0.278502 0.137347
126.000000 -0.563282 12.872612 3.293971 0.918908 0.243059 -0.277453 0.139823
127.000000 -0.581023 12.702660 4.279263 0.919007 0.242770 -0.275793 0.142926
128.000000 -0.642709 12.212433 3.409854 0.918985 0.242822 -0.274651 0.145154
129.000000 -1.015232 11.881267 2.542931 0.919002 0.243102 -0.272986 0.147702
130.000000 -1.913056 11.712595 2.136162 0.918592 0.244830 -0.271374 0.150344
131.000000 -2.039000 11.553031 1.157041 0.918515 0.245261 -0.270052 0.152474
132.000000 -2.825024 11.428175 0.551585 0.918228 0.246610 -0.268454 0.154833
133.000000 -3.181167 11.126962 -0.332968 0.918216 0.247066 -0.266987 0.156704
134.000000 -3.690093 10.747139 -1.105450 0.918304 0.247479 -0.265189 0.158581
135.000000 -3.201907 10.855768 -0.239497 0.918321 0.247928 -0.263468 0.160631
136.000000 -3.946121 10.188595 -0.207467 0.918781 0.248725 -0.260426 0.161730
137.000000 -3.416781 10.992069 0.064981 0.919156 0.249378 -0.257967 0.162530
138.000000 -4.100765 10.796526 -0.637819 0.918866 0.250423 -0.256747 0.164483
139.000000 -4.613760 10.867047 -1.493309 0.918566 0.251579 -0.255362 0.166537
140.000000 -4.936409 10.168793 -2.132323 0.918890 0.251997 -0.253534 0.166912
141.000000 -5.383758 9.894226 -2.983494 0.919067 0.252143 -0.251756 0.168402
142.000000 -5.758986 9.674694 -3.884055 0.918927 0.252690 -0.250370 0.170400
143.000000 -5.927272 10.266620 -4.672283 0.918560 0.253649 -0.248988 0.172960
144.000000 -6.595549 9.956705 -5.348566 0.919047 0.253686 -0.246012 0.174570
145.000000 -6.423093 9.819347 -6.323959 0.919137 0.253741 -0.244895 0.175582
146.000000 -6.869373 9.480378 -7.152171 0.919314 0.254254 -0.242857 0.176737
147.000000 -7.037020 9.144694 -8.079106 0.919511 0.254620 -0.241371 0.177222
148.000000 -7.581746 9.012539 -8.907242 0.919727 0.254818 -0.239456 0.178413
149.000000 -7.304463 8.536225 -9.741652 0.920079 0.254296 -0.238137 0.179105
150.000000 -7.730303 8.133342 -10.551803 0.920468 0.254421 -0.235939 0.179835
151.000000 -7.864390 8.119253 -9.560934 0.920595 0.255163 -0.234391 0.180157
152.000000 -7.470148 8.451178 -8.703964 0.920983 0.255672 -0.231878 0.180705
153.000000 -7.051739 7.577262 -8.951359 0.921669 0.254974 -0.230449 0.180023
154.000000 -7.237181 7.731229 -7.980841 0.921868 0.255286 -0.228957 0.180464
155.000000 -7.407654 7.835172 -7.000976 0.922207 0.255601 -0.227123 0.180602
156.000000 -7.449059 7.646717 -6.019767 0.922091 0.257113 -0.225603 0.180955
157.000000 -8.333018 7.203982 -6.170108 0.922784 0.257209 -0.222534 0.181086
158.000000 -8.094037 7.455536 -5.232233 0.923204 0.257502 -0.220085 0.181521
159.000000 -8.182561 7.301255 -4.248180 0.923344 0.258420 -0.218294 0.181666
160.000000 -7.210398 7.238183 -4.022519 0.923940 0.257978 -0.215725 0.182332
161.000000 -6.395291 7.214262 -4.601335 0.924119 0.257953 -0.214730 0.182634
162.000000 -5.928664 6.344955 -4.438349 0.924893 0.258025 -0.212845 0.180811
163.000000 -5.027968 6.313021 -4.871623 0.924986 0.258059 -0.212292 0.180940
164.000000 -5.316319 6.388027 -3.917041 0.925363 0.258382 -0.209850 0.181399
165.000000 -6.237437 6.399604 -3.527928 0.925390 0.258416 -0.209650 0.181440
166.000000 -7.165823 6.606103 -3.218968 -0.290587 0.127477 -0.375006 0.871022
167.000000 -6.257811 7.024900 -3.207879 -0.289798 0.129317 -0.373682 0.871583
168.000000 -5.400192 7.155772 -3.705234 -0.289455 0.130498 -0.373833 0.871455
169.000000 -5.171488 7.879383 -4.356450 -0.287635 0.132000 -0.374528 0.871534
170.000000 -4.268084 7.571260 -4.654647 -0.287172 0.130160 -0.373869 0.872246
171.000000 -3.526304 8.181266 -4.933315 -0.287018 0.131885 -0.374999 0.871552
172.000000 -3.081250 7.764360 -5.725853 -0.286906 0.133208 -0.373800 0.871903
173.000000 -4.000513 7.427822 -5.930051 -0.287956 0.135402 -0.373109 0.871514
174.000000 -3.392393 8.095703 -6.359147 -0.285102 0.135459 -0.375729 0.871318
175.000000 -2.876908 8.797445 -6.850913 -0.281442 0.135518 -0.376346 0.872232
176.000000 -2.458339 9.527527 -7.391079 -0.280414 0.136697 -0.375865 0.872587
177.000000 -3.391017 9.419047 -7.735092 -0.282891 0.138962 -0.376294 0.871244
178.000000 -2.434671 9.249070 -7.972813 -0.285218 0.140425 -0.375783 0.870470
179.000000 -3.365373 9.039712 -8.272752 -0.287800 0.142809 -0.375353 0.869417
180.000000 -3.243473 9.729335 -8.986587 -0.289226 0.144004 -0.377590 0.867777
181.000000 -2.909899 9.390029 -9.866133 -0.291760 0.145143 -0.376927 0.867027
182.000000 -3.770052 9.694427 -9.456890 0.919247 0.180529 -0.319251 0.143086
183.000000 -3.514951 10.191693 -8.627643 0.918876 0.181872 -0.318052 0.146396
184.000000 -3.410915 9.643702 -9.457633 0.918531 0.183427 -0.316618 0.149694
185.000000 -2.462185 9.411642 -9.672247 0.917658 0.184147 -0.317766 0.151720
186.000000 -2.390193 8.819039 -10.474518 0.917175 0.186796 -0.316198 0.154650
187.000000 -2.257569 8.160956 -11.215691 0.916783 0.189233 -0.314168 0.158110
188.000000 -1.466490 7.919251 -10.653756 0.095424 0.723684 0.463437 -0.502397
189.000000 -1.137733 7.862713 -9.711035 0.096651 0.722710 0.465026 -0.502096
190.000000 -0.742076 7.333941 -10.461939 0.098744 0.719835 0.467357 -0.503652
191.000000 -0.727117 8.152951 -9.888354 0.098724 0.716837 0.471358 -0.504201
192.000000 -0.428627 8.403627 -8.967449 0.692263 0.176320 0.275288 0.643350
193.000000 -0.406944 9.141674 -8.293049 0.691162 0.175577 0.277509 0.643783
194.000000 0.062938 9.003174 -7.421253 0.110298 0.379813 0.741373 -0.542165
195.000000 0.600691 8.173356 -7.272174 0.110182 0.378366 0.741137 -0.543521
196.000000 0.578410 8.403180 -8.245152 0.109964 0.374456 0.741508 -0.545762
197.000000 1.200088 7.641087 -8.426069 0.109149 0.372290 0.741584 -0.547303
198.000000 1.865976 7.495656 -7.694329 0.742432 0.335719 0.140927 0.562341
199.000000 2.313984 7.681241 -6.819774 0.742492 0.338027 0.141629 0.560700
200.000000 1.984962 8.335144 -6.138483 0.742479 0.338455 0.145419 0.559488
201.000000 2.714017 8.533058 -5.483266 -0.215919 -0.484992 -0.468599 0.706100
202.000000 3.556702 8.236138 -5.034133 -0.215050 -0.484698 -0.466697 0.707824
203.000000 3.279856 7.505726 -5.658516 -0.214361 -0.480103 -0.469479 0.709324
204.000000 2.970502 7.471068 -6.608831 -0.214315 -0.474615 -0.469046 0.713306
205.000000 3.910233 7.622132 -6.302097 -0.210856 -0.473472 -0.468219 0.715636
206.000000 4.833621 7.368953 -6.590638 -0.644634 -0.312351 0.694955 0.062620
207.000000 5.219566 7.640246 -5.708909 -0.648945 -0.311218 0.691508 0.061887
208.000000 5.696809 8.298670 -5.126914 -0.653050 -0.311269 0.687607 0.061914
209.000000 5.982267 9.075290 -4.565331 -0.656317 -0.313999 0.683288 0.061403
210.000000 6.535825 9.601163 -3.919552 -0.660571 -0.313485 0.679421 0.061320
211.000000 6.796838 10.376045 -3.343853 -0.664059 -0.315087 0.675333 0.060581
212.000000 7.762788 10.448599 -3.592198 -0.666836 -0.312193 0.673825 0.061844
213.000000 7.993497 10.819520 -2.692648 0.672598 0.312318 -0.668151 -0.060367
214.000000 8.554393 10.533088 -3.469406 0.674093 0.308769 -0.668028 -0.063237
215.000000 9.506213 10.645019 -3.754908 0.676512 0.305702 -0.666873 -0.064484
216.000000 9.536541 11.390229 -3.088768 0.680177 0.308696 -0.661968 -0.062162
217.000000 10.110533 10.919779 -3.758999 0.681174 0.304538 -0.662392 -0.067049
218.000000 11.036467 10.937108 -4.136287 0.683307 0.301135 -0.661583 -0.068688
219.000000 11.540876 11.387713 -3.399722 0.687003 0.300532 -0.658018 -0.068706
220.000000 11.921239 12.090374 -2.798398 0.689596 0.301922 -0.654604 -0.069238
221.000000 12.132717 12.778076 -2.103889 0.692544 0.302277 -0.651379 -0.068680
222.000000 13.129691 12.773048 -2.026318 0.694548 0.299743 -0.650194 -0.070744
223.000000 13.504675 13.327034 -1.283024 0.697642 0.298361 -0.647559 -0.070313
224.000000 14.491267 13.421765 -1.150126 0.699713 0.295696 -0.646348 -0.072110
225.000000 15.476127 13.583699 -1.088243 0.701210 0.292270 -0.646107 -0.073674
226.000000 15.561420 14.251784 -0.349063 0.703464 0.293295 -0.643309 -0.072593
227.000000 16.533554 14.480681 -0.298445 0.704404 0.290949 -0.643203 -0.073842
228.000000 17.097076 14.835169 0.447733 0.706097 0.290001 -0.641707 -0.074413
229.000000 17.570279 15.328322 1.177719 0.707154 0.288985 -0.640891 -0.075361
230.000000 17.011060 15.355992 2.006277 -0.211541 0.225454 -0.243313 0.919358
231.000000 16.869398 15.423508 1.018667 -0.207797 0.224625 -0.243881 0.920264
232.000000 17.817813 15.704885 1.164740 -0.205812 0.225659 -0.243154 0.920650
233.000000 17.247096 14.897054 1.312022 -0.204615 0.226058 -0.242026 0.921116
234.000000 17.945502 15.434383 1.784786 -0.202392 0.226001 -0.241551 0.921745
235.000000 17.049971 15.012272 1.643908 -0.200404 0.226387 -0.240841 0.922270
236.000000 16.641433 14.163230 1.978907 -0.196663 0.225457 -0.241450 0.923144
237.000000 15.906939 13.487840 2.044990 -0.194471 0.225140 -0.240006 0.924062
238.000000 15.115881 12.876393 2.025994 -0.191730 0.224201 -0.239093 0.925099
239.000000 15.986069 13.335939 2.203735 -0.190083 0.223713 -0.237392 0.925995
240.000000 15.165531 13.073015 1.696202 -0.187112 0.222222 -0.237079 0.927038
241.000000 14.329155 12.820415 1.209717 -0.184720 0.220118 -0.237420 0.927932
242.000000 13.927997 11.971172 1.553022 -0.179456 0.218256 -0.236046 0.929754
243.000000 14.829005 11.897752 1.980567 -0.176821 0.216265 -0.236553 0.930594
244.000000 15.730151 12.236294 2.251352 -0.174370 0.214564 -0.235010 0.931841
245.000000 15.096224 11.476246 2.394399 -0.172412 0.212423 -0.233111 0.933172
246.000000 16.005016 11.288520 2.021766 -0.170415 0.212002 -0.233114 0.933634
247.000000 15.095160 11.172213 1.623477 -0.168338 0.209782 -0.233082 0.934519
248.000000 16.072211 11.041499 1.791657 -0.166457 0.207387 -0.232788 0.935464
249.000000 15.247915 10.479164 1.725968 -0.164704 0.205744 -0.229449 0.936960
250.000000 14.337650 10.135645 1.494858 -0.163223 0.203326 -0.228460 0.937989
251.000000 13.463815 9.753229 1.194574 -0.161087 0.200954 -0.226125 0.939434
252.000000 12.670804 9.234087 0.875786 -0.158893 0.197901 -0.223332 0.941122
253.000000 11.755988 8.873505 0.693871 -0.156499 0.195200 -0.221018 0.942633
254.000000 10.840331 8.496590 0.554205 -0.155003 0.192929 -0.218944 0.943830
255.000000 9.920017 8.208896 0.289150 -0.153235 0.189781 -0.217432 0.945106
256.000000 9.013744 8.047052 -0.101332 -0.151557 0.186814 -0.217631 0.945922
257.000000 8.090508 8.010401 -0.483813 -0.149670 0.183552 -0.217448 0.946902
258.000000 7.246616 8.041230 0.051814 0.904418 0.233394 -0.356803 0.015701
259.000000 7.283235 8.275903 1.023198 0.903540 0.232444 -0.359691 0.014414
260.000000 7.219842 8.569086 1.977151 0.902874 0.230046 -0.362876 0.014758
261.000000 7.209327 8.717484 2.966022 0.901920 0.228302 -0.366367 0.013930
262.000000 7.792553 8.773730 2.155662 0.901172 0.227844 -0.368500 0.013543
263.000000 6.996793 8.347803 1.725136 0.900643 0.227206 -0.370185 0.013495
264.000000 6.420618 7.807889 1.111527 0.899946 0.227689 -0.371604 0.012887
265.000000 6.423219 8.042783 2.083545 0.899200 0.226683 -0.374010 0.013092
266.000000 6.409360 8.198759 3.071208 0.898365 0.225769 -0.376566 0.012881
267.000000 6.362777 8.366477 4.055942 0.897436 0.225690 -0.378818 0.013045
268.000000 7.233809 8.856011 4.096688 0.896826 0.225476 -0.380370 0.013525
269.000000 6.437072 8.550555 4.618135 0.896564 0.225768 -0.380807 0.013689
270.000000 6.922819 8.574291 3.744358 0.896161 0.225293 -0.382009 0.014386
271.000000 6.461904 7.901229 3.165960 0.895357 0.225815 -0.383590 0.014217
272.000000 6.145816 7.386028 2.369307 0.894469 0.226412 -0.385318 0.013870
273.000000 5.600238 7.150944 3.173720 0.893985 0.225947 -0.386678 0.014790
274.000000 4.818928 7.041274 3.788153 0.894990 0.226204 -0.384129 0.016435
275.000000 4.561403 6.578381 2.939972 0.894137 0.225641 -0.386395 0.017440
276.000000 3.875581 6.684776 3.659922 0.894661 0.225730 -0.384982 0.020429
277.000000 3.612282 6.253506 2.796974 0.894001 0.225536 -0.386562 0.021564
278.000000 4.440292 6.807136 2.885811 0.892942 0.225452 -0.388928 0.023695
279.000000 3.940735 6.256302 2.217212 0.892040 0.226573 -0.390256 0.025089
280.000000 3.385897 5.437738 2.068527 0.891592 0.226488 -0.391290 0.025654
281.000000 3.195400 5.137311 1.133939 0.890865 0.224857 -0.393709 0.028129
282.000000 3.196692 5.163618 2.133593 0.889787 0.224018 -0.396480 0.029975
283.000000 2.750052 4.525279 1.506667 0.888997 0.223758 -0.398237 0.031995
284.000000 3.211534 5.055610 2.217851 0.888295 0.222813 -0.400126 0.034427
285.000000 2.453486 5.030702 2.869573 0.889475 0.223988 -0.396548 0.037586
286.000000 2.850870 5.583600 3.601959 0.888707 0.223798 -0.398160 0.039778
287.000000 2.258829 4.953120 4.103937 0.889665 0.224230 -0.395820 0.039280
288.000000 2.130057 5.118000 5.081809 0.889372 0.223541 -0.396616 0.041733
289.000000 2.065526 5.173438 6.078183 0.888210 0.224112 -0.398702 0.043508
290.000000 2.408612 5.762907 6.809496 0.887274 0.224240 -0.400496 0.045426
291.000000 1.763546 5.372007 7.466068 0.887779 0.225058 -0.398786 0.046549
292.000000 1.739575 5.573509 8.445263 0.887172 0.224868 -0.399940 0.049073
293.000000 1.609325 5.655358 9.433360 0.886547 0.225349 -0.400807 0.051057
294.000000 1.426652 5.394065 8.485543 0.885826 0.224037 -0.402742 0.054024
295.000000 1.012726 4.740733 7.851647 0.884979 0.223722 -0.404455 0.056363
296.000000 0.781057 4.817848 8.821381 0.884633 0.223710 -0.404872 0.058790
297.000000 0.201212 4.376964 9.506509 0.884648 0.224405 -0.404278 0.059993
298.000000 -0.232521 4.111591 10.367586 0.884876 0.225609 -0.402952 0.061033
299.000000 -0.611134 4.016590 11.288252 0.884529 0.225886 -0.403255 0.063002
300.000000 -0.814124 3.043405 11.396444 0.883671 0.225642 -0.405034 0.064487
301.000000 -1.153284 2.178987 11.025294 0.412952 -0.522606 0.661896 0.343872
302.000000 -1.466707 1.308489 11.404767 0.413735 -0.524760 0.660152 0.343001
303.000000 -1.354990 2.203731 11.836116 0.414689 -0.526923 0.658620 0.341474
304.000000 -0.526874 2.349948 12.377267 0.415963 -0.527679 0.658221 0.339521
305.000000 0.336594 2.692176 12.747811 0.416764 -0.528991 0.658191 0.336541
306.000000 -0.075698 1.842476 13.076483 0.418263 -0.530355 0.656487 0.335863
307.000000 -0.483200 1.003830 13.437888 0.419168 -0.532396 0.655008 0.334390
308.000000 0.305832 1.062529 14.049430 0.419277 -0.535264 0.653575 0.332473
309.000000 -0.026386 0.174461 14.367182 0.420645 -0.536601 0.651815 0.332047
310.000000 0.729126 0.822560 14.462938 0.420540 -0.539881 0.650478 0.329475
311.000000 1.265765 0.856903 13.619825 0.420694 -0.540659 0.649486 0.329958
312.000000 0.865458 -0.017272 13.894732 0.422538 -0.541948 0.647773 0.328853
313.000000 0.677132 -0.718834 14.582005 0.424465 -0.543466 0.645909 0.327529
314.000000 0.546919 0.270964 14.524172 0.425757 -0.544863 0.644421 0.326461
315.000000 0.824090 -0.666553 14.734502 0.427015 -0.546403 0.642920 0.325201
316.000000 -0.083062 -0.672019 14.313734 0.427724 -0.548430 0.641692 0.323278
317.000000 -0.384751 0.271024 14.173546 0.429020 -0.550048 0.640130 0.321904
318.000000 -0.780841 -0.590641 14.490791 0.430462 -0.551311 0.638623 0.320811
319.000000 -1.477079 -0.546991 13.774308 0.432005 -0.552615 0.636972 0.319773
320.000000 -1.042603 -1.435231 13.923512 0.433188 -0.553850 0.635837 0.318291
321.000000 -0.816511 -2.405741 13.839899 0.435096 -0.554468 0.634445 0.317390
322.000000 -0.572409 -3.364008 13.691107 0.436481 -0.555315 0.633405 0.316082
323.000000 -0.169657 -4.262818 13.864116 0.438458 -0.556159 0.631942 0.314787
324.000000 0.031319 -4.856721 14.643147 0.440132 -0.557953 0.630117 0.312929
325.000000 0.243751 -5.437058 13.856965 0.441408 -0.558487 0.629282 0.311857
326.000000 0.270510 -6.244819 14.445867 0.443431 -0.559232 0.627908 0.310420
327.000000 0.553789 -6.966758 13.814554 0.445168 -0.559645 0.626812 0.309402
328.000000 1.024126 -7.616731 13.217629 0.446835 -0.560013 0.625670 0.308643
329.000000 1.445464 -8.448790 12.856865 0.448519 -0.560649 0.624254 0.307912
330.000000 1.826605 -9.286578 12.465913 0.450078 -0.561282 0.622983 0.307058
331.000000 2.232896 -9.163920 11.560439 0.450078 -0.561282 0.622983 0.307058
332.000000 1.660555 -8.389748 11.830778 0.451242 -0.561780 0.622086 0.306258
333.000000 2.027208 -9.316351 11.914282 0.453019 -0.562289 0.620885 0.305133
334.000000 2.342412 -10.250706 12.080494 0.454894 -0.563337 0.619338 0.303551
335.000000 2.755991 -11.099712 11.751646 0.456167 -0.563810 0.618493 0.302483
336.000000 2.346344 -10.190831 11.673392 0.458174 -0.564387 0.616958 0.301507
337.000000 2.166001 -9.349798 11.163352 0.460272 -0.565122 0.615495 0.299921
338.000000 2.481584 -10.228929 11.520474 0.462583 -0.565854 0.613755 0.298548
339.000000 2.181242 -9.307012 11.275805 0.464429 -0.566593 0.612277 0.297311
340.000000 2.531468 -10.231961 11.423487 0.466499 -0.566909 0.610958 0.296181
341.000000 2.886895 -11.127941 11.689742 0.468405 -0.567844 0.609378 0.294634
342.000000 3.411536 -11.956436 11.885570 0.470964 -0.567757 0.607741 0.294101
343.000000 3.570098 -11.173968 11.283405 0.472880 -0.568711 0.606620 0.291489
344.000000 3.838118 -12.128998 11.410227 0.474777 -0.569044 0.605474 0.290133
345.000000 4.111054 -12.715753 12.172608 0.478053 -0.571045 0.601869 0.288318
346.000000 4.524904 -13.448931 12.712218 0.480669 -0.571917 0.599509 0.287153
347.000000 5.237799 -14.020282 13.118836 0.483205 -0.572458 0.596740 0.287588
348.000000 5.574879 -14.961299 13.148242 0.485499 -0.572403 0.595500 0.286400
349.000000 6.024067 -15.854634 13.161756 0.487102 -0.572736 0.594287 0.285532
350.000000 6.194103 -16.835822 13.070338 0.489141 -0.572250 0.593783 0.284063
351.000000 6.340563 -17.728079 13.497454 0.490817 -0.573034 0.592621 0.282012
352.000000 6.678612 -18.647756 13.697245 0.492740 -0.573551 0.591138 0.280719
353.000000 7.082952 -19.468523 14.100791 0.494842 -0.574460 0.589197 0.279239
354.000000 7.359167 -20.428337 14.150430 0.496491 -0.574445 0.588475 0.277861
355.000000 7.021742 -20.888284 13.329094 0.834458 0.337303 -0.194823 -0.389809
356.000000 6.488196 -20.248772 12.775602 0.833490 0.338606 -0.196633 -0.389840
357.000000 6.262553 -19.573659 12.073243 0.832810 0.338840 -0.199348 -0.389711
358.000000 6.668629 -20.332295 12.582726 0.831851 0.339982 -0.201394 -0.389713
359.000000 6.134494 -19.687062 12.036490 0.830993 0.340893 -0.202789 -0.390023
360.000000 5.905594 -18.776613 11.691979 0.830029 0.342621 -0.205912 -0.388926
361.000000 5.466717 -18.136435 11.061455 0.829083 0.343563 -0.207998 -0.389001
362.000000 6.001089 -18.830048 11.544517 0.828192 0.344859 -0.210303 -0.388513
363.000000 5.604641 -18.068157 11.032315 0.827185 0.345754 -0.212440 -0.388702
364.000000 5.209702 -17.267667 10.581493 0.826057 0.347287 -0.214563 -0.388567
365.000000 4.733033 -16.508723 10.137883 0.825084 0.348329 -0.216580 -0.388582
366.000000 4.060801 -16.084480 9.531152 0.824097 0.348740 -0.217947 -0.389543
367.000000 4.446188 -15.396301 10.145878 0.822497 0.349439 -0.218697 -0.391870
368.000000 3.897262 -15.402765 9.310032 0.821593 0.348227 -0.221293 -0.393387
369.000000 3.384072 -14.557997 9.158363 0.820621 0.350073 -0.222975 -0.392825
370.000000 2.925083 -13.749041 8.791050 0.819603 0.351389 -0.225065 -0.392585
371.000000 2.174783 -13.605335 8.145761 0.818672 0.351829 -0.226460 -0.393330
372.000000 1.648535 -13.030812 7.518874 0.817363 0.352900 -0.228417 -0.393961
373.000000 1.354161 -13.736363 6.874248 0.815715 0.351258 -0.229349 -0.398278
374.000000 0.802978 -12.969710 6.544944 0.814632 0.352569 -0.231101 -0.398325
375.000000 1.230766 -13.800287 6.901510 0.813680 0.353240 -0.233201 -0.398452
376.000000 0.311683 -13.540479 6.605224 0.813014 0.354012 -0.234140 -0.398575
377.000000 0.764613 -14.431594 6.632947 0.812339 0.355304 -0.236244 -0.397560
378.000000 0.307954 -13.752702 6.057996 0.811337 0.355722 -0.238368 -0.397963
379.000000 -0.613717 -13.659229 5.681452 0.810831 0.355877 -0.239509 -0.398171
380.000000 0.227419 -14.138878 5.931306 0.810087 0.356486 -0.240908 -0.398296
381.000000 -0.120273 -13.858921 5.036468 0.808771 0.356081 -0.244076 -0.399402
382.000000 -0.624144 -13.245984 4.427845 0.807479 0.356806 -0.246559 -0.399844
383.000000 -0.161355 -13.952911 4.962709 0.806522 0.357185 -0.248963 -0.399949
384.000000 0.307859 -14.430657 5.705406 0.805694 0.356870 -0.252387 -0.399752
385.000000 -0.567226 -14.340927 5.229829 0.804782 0.357485 -0.254314 -0.399818
386.000000 0.021912 -14.940912 5.771063 0.803786 0.357931 -0.256940 -0.399745
387.000000 -0.640439 -14.917351 5.022240 0.803012 0.357239 -0.260131 -0.399854
388.000000 -0.069633 -15.690871 5.297644 0.801847 0.357841 -0.262345 -0.400209
389.000000 -0.491194 -14.930717 4.803223 0.800874 0.358039 -0.264752 -0.400393
390.000000 0.449965 -14.978499 5.137790 0.799974 0.358565 -0.266740 -0.400404
391.000000 -0.063105 -14.392244 4.510843 0.798602 0.358768 -0.269454 -0.401142
392.000000 0.703416 -15.034202 4.529119 0.797667 0.359464 -0.271279 -0.401148
393.000000 -0.153076 -15.152500 4.026698 0.796888 0.358885 -0.273228 -0.401893
394.000000 0.159757 -16.005427 3.608785 0.259634 0.095999 0.959262 -0.056488
395.000000 0.187680 -16.370297 2.678145 0.261860 0.097498 0.958502 -0.056538
396.000000 0.051033 -15.734669 3.437951 0.264232 0.097597 0.957765 -0.057812
397.000000 0.152520 -16.607821 2.961184 0.266333 0.099093 0.957013 -0.058077
398.000000 0.628778 -17.363394 3.410947 0.796714 0.289832 -0.224017 0.480688
399.000000 1.249546 -17.289070 4.191411 0.796211 0.289047 -0.225136 0.481471
400.000000 1.622027 -16.808281 4.985199 -0.158754 0.947861 0.106828 -0.254841
401.000000 0.831985 -16.948942 4.388501 -0.158204 0.948713 0.105400 -0.252598
402.000000 0.083236 -16.876065 3.729666 -0.158109 0.949492 0.103730 -0.250414
403.000000 -0.654834 -16.805292 3.058664 -0.157583 0.950306 0.102470 -0.248165
404.000000 0.077235 -16.626321 3.715964 -0.157860 0.951010 0.100964 -0.245900
405.000000 -0.633289 -16.809872 3.036653 -0.157556 0.951770 0.099571 -0.243713
406.000000 -1.469179 -16.997195 2.520708 -0.157622 0.952615 0.098195 -0.240911
407.000000 -1.350584 -16.093915 2.933044 -0.159046 0.952717 0.100268 -0.238705
408.000000 -2.197326 -16.135284 2.402650 -0.158678 0.953601 0.098838 -0.236003
409.000000 -2.993236 -16.355811 1.838828 -0.157806 0.954413 0.097691 -0.233773
410.000000 -3.276772 -15.436469 1.566031 -0.412116 0.143367 0.060258 0.897761
411.000000 -2.657799 -14.761420 1.967505 -0.410205 0.141857 0.061557 0.898788
412.000000 -2.072819 -14.884780 2.769116 -0.411122 0.139237 0.061286 0.898797
413.000000 -1.425376 -14.307665 3.266867 -0.409553 0.137869 0.062472 0.899642
414.000000 -0.924325 -13.530844 3.648306 -0.407390 0.136099 0.063156 0.900845
415.000000 -1.469467 -13.975189 2.937407 -0.406533 0.134251 0.063603 0.901478
416.000000 -0.886642 -13.353127 3.460240 -0.405021 0.132670 0.064788 0.902308
417.000000 -0.504074 -13.116659 4.353394 -0.405643 0.130414 0.064038 0.902411
418.000000 -0.007505 -12.374945 4.804259 -0.403984 0.128802 0.064912 0.903324
419.000000 0.502315 -11.535977 4.994566 -0.401813 0.127333 0.066335 0.904396
420.000000 -0.172413 -12.004652 4.424402 -0.401062 0.124968 0.066325 0.905060
421.000000 0.394961 -11.370167 4.949298 -0.399886 0.123434 0.067280 0.905720
422.000000 -0.189858 -11.584691 4.167016 -0.400524 0.120589 0.066598 0.905872
423.000000 0.603613 -11.046781 4.451719 -0.399336 0.118456 0.067681 0.906597
424.000000 -0.029951 -11.228440 3.699657 -0.399234 0.116046 0.067314 0.906981
425.000000 0.409048 -10.419533 4.090744 -0.398362 0.114521 0.067197 0.907567
426.000000 0.978844 -9.714099 4.512284 -0.397801 0.112337 0.067434 0.908068
427.000000 1.673272 -9.076083 4.845009 -0.397434 0.109951 0.067471 0.908518
428.000000 1.089559 -8.317046 4.556663 -0.395341 0.109608 0.065835 0.909592
429.000000 1.791219 -7.634582 4.761394 -0.395001 0.107826 0.066286 0.909920
430.000000 2.303962 -8.110978 4.047153 -0.394720 0.107653 0.066733 0.910030
431.000000 1.585738 -8.608033 4.534072 -0.394794 0.106836 0.067640 0.910027
432.000000 1.783150 -7.803664 5.094447 -0.395791 0.104584 0.067152 0.909891
433.000000 2.245071 -8.516283 4.566428 -0.395865 0.103324 0.067444 0.909982
434.000000 2.677536 -9.096703 3.876439 -0.395865 0.102470 0.067795 0.910052
435.000000 2.996840 -9.503540 3.020560 -0.396266 0.102451 0.068431 0.909832
436.000000 3.004089 -8.702888 3.619646 -0.397390 0.100724 0.067414 0.909610
437.000000 3.347206 -9.415335 3.007527 -0.397558 0.099819 0.067375 0.909640
438.000000 3.565170 -10.054236 2.269762 -0.398596 0.098129 0.066333 0.909446
439.000000 3.576055 -9.299846 2.926098 -0.399305 0.097427 0.065444 0.909275
440.000000 3.156436 -9.073634 3.805158 -0.399159 0.096762 0.066134 0.909360
441.000000 2.861022 -8.161260 4.088538 -0.400006 0.094766 0.068186 0.909046
442.000000 2.119056 -7.718356 3.585225 -0.598228 0.652539 -0.351706 -0.304335
443.000000 1.826616 -8.672587 3.647853 -0.599494 0.652364 -0.349975 -0.304212
444.000000 1.153063 -8.848005 2.929832 -0.599589 0.652354 -0.350739 -0.303166
445.000000 0.971408 -9.221544 2.020178 -0.600390 0.651878 -0.349688 -0.303818
446.000000 0.873307 -10.215634 2.066675 -0.601213 0.652123 -0.348131 -0.303454
447.000000 0.581273 -11.008423 2.601654 -0.601988 0.653007 -0.346452 -0.301933
448.000000 0.154934 -11.243306 1.728118 -0.601988 0.653007 -0.346452 -0.301933
449.000000 0.131938 -10.274411 1.974519 -0.602224 0.653841 -0.344905 -0.301428
450.000000 0.021851 -11.266839 1.920040 -0.602231 0.654774 -0.343533 -0.300955
451.000000 -0.230584 -12.228837 1.815947 -0.602605 0.655462 -0.342018 -0.300434
452.000000 -0.203103 -11.229267 1.826100 -0.602724 0.656469 -0.340453 -0.299773
453.000000 -0.322399 -12.208038 1.659441 -0.602936 0.657222 -0.339255 -0.299053
454.000000 -0.021382 -12.823426 0.930959 -0.602453 0.657855 -0.338465 -0.299530
455.000000 0.364501 -13.737466 0.805959 -0.602825 0.658709 -0.335937 -0.299751
456.000000 1.103651 -14.392377 0.648643 -0.603196 0.659428 -0.333029 -0.300668
457.000000 1.136325 -13.393000 0.662008 -0.603289 0.660444 -0.331205 -0.300266
458.000000 0.612619 -12.581299 0.403413 -0.603552 0.661304 -0.329198 -0.300053
459.000000 1.100461 -13.452066 0.464853 -0.603287 0.662794 -0.326722 -0.300004
460.000000 1.575949 -14.042513 1.116990 -0.603148 0.666746 -0.320142 -0.298617
461.000000 2.214758 -14.463861 1.760721 -0.603263 0.668916 -0.315032 -0.298964
462.000000 2.180624 -14.114422 2.697058 -0.602155 0.669713 -0.315053 -0.299393
463.000000 1.684246 -13.341538 3.092355 -0.602235 0.670669 -0.312309 -0.299966
464.000000 1.140822 -13.592561 2.291307 -0.602218 0.671022 -0.311856 -0.299681
465.000000 1.394947 -14.219147 1.554551 -0.601681 0.671996 -0.310095 -0.300403
466.000000 1.402153 -15.138826 1.161947 -0.601114 0.673225 -0.308487 -0.300441
467.000000 0.622311 -14.605321 1.489389 0.148787 0.595982 0.303520 0.728384
468.000000 1.515107 -14.307547 1.151386 0.148447 0.594189 0.305059 0.729275
469.000000 2.240646 -14.855176 1.568154 0.147704 0.593458 0.306934 0.729234
470.000000 2.081727 -15.475611 2.336142 0.147864 0.590866 0.307720 0.730973
471.000000 1.323255 -15.119068 2.881666 0.146434 0.588768 0.309837 0.732059
472.000000 1.230512 -15.158765 3.876564 0.144216 0.585174 0.311085 0.734847
473.000000 2.106987 -14.780753 3.578404 0.143105 0.583291 0.311782 0.736264
474.000000 2.081484 -14.464776 4.526828 0.140745 0.580760 0.312632 0.738356
475.000000 2.971464 -14.081465 4.279830 0.139474 0.578671 0.313899 0.739699
476.000000 2.341516 -14.135739 3.505092 0.138115 0.577206 0.314752 0.740735
477.000000 2.135908 -14.222147 2.530279 0.135865 0.573686 0.315632 0.743506
478.000000 1.586888 -13.537490 3.009675 0.134346 0.571871 0.315854 0.745084
479.000000 0.919907 -14.083648 2.502874 0.133319 0.569569 0.317170 0.746472
480.000000 1.176879 -14.822276 3.126086 0.133022 0.566464 0.317186 0.748877
481.000000 0.318040 -15.332916 3.166628 0.131537 0.564825 0.317737 0.750143
482.000000 1.200408 -14.915906 2.948615 0.130093 0.563203 0.318253 0.751395
483.000000 0.224375 -14.940058 2.732337 0.128813 0.561472 0.319226 0.752496
484.000000 -0.375870 -14.989908 1.934076 0.126743 0.558813 0.319766 0.754596
485.000000 -0.403265 -15.313375 0.988233 0.123265 0.554946 0.321180 0.757419
486.000000 -1.088514 -15.335538 0.260261 0.121671 0.552673 0.321338 0.759270
487.000000 -1.315558 -15.314473 -0.713396 0.119630 0.548992 0.322041 0.761962
488.000000 -1.867906 -15.153434 -1.531307 0.118036 0.545825 0.322262 0.764388
489.000000 -2.409008 -15.188679 -2.371525 0.116277 0.542759 0.323009 0.766523
490.000000 -3.227871 -15.551037 -2.816677 0.113905 0.540687 0.323401 0.768177
491.000000 -4.219848 -15.657041 -2.885546 0.112479 0.539077 0.323841 0.769332
492.000000 -4.842821 -15.658168 -3.667789 0.110643 0.536650 0.323761 0.771326
493.000000 -4.604570 -15.661187 -4.638988 0.107509 0.530557 0.325651 0.775179
494.000000 -5.129364 -15.652005 -5.490168 0.105558 0.527172 0.325584 0.777781
495.000000 -5.513036 -15.923650 -6.372780 0.102683 0.523776 0.326018 0.780274
496.000000 -6.043804 -16.003113 -7.216564 0.100418 0.520742 0.326263 0.782493
497.000000 -6.902365 -16.015311 -7.729131 0.099192 0.518794 0.326523 0.783835
498.000000 -6.760884 -15.502938 -8.576159 0.099354 0.511681 0.325727 0.788805
499.000000 -6.478955 -15.355304 -7.628151 0.097278 0.508171 0.325359 0.791480
500.000000 -6.914381 -15.415144 -8.526384 0.095359 0.504883 0.325036 0.793947
501.000000 -7.364911 -15.459750 -9.418030 0.093480 0.501611 0.324715 0.796372
502.000000 -7.969914 -15.247301 -10.185387 0.092618 0.498687 0.324183 0.798523
503.000000 -8.005789 -15.073205 -11.169462 0.091144 0.494287 0.324020 0.801489
504.000000 -8.446964 -14.860026 -12.041196 0.090144 0.491150 0.322950 0.803958
505.000000 -8.901716 -14.623539 -12.899843 0.089388 0.487859 0.322673 0.806155
506.000000 -9.504329 -14.667128 -13.696685 0.088024 0.485049 0.321754 0.808365
507.000000 -10.110331 -14.731703 -14.489523 0.086842 0.482394 0.320279 0.810664
508.000000 -9.965127 -14.296700 -15.378167 0.086636 0.476573 0.319221 0.814537
509.000000 -10.498880 -14.139759 -16.209116 0.085523 0.473694 0.318006 0.816806
510.000000 -10.948286 -13.879781 -17.063778 0.084679 0.470615 0.316940 0.819085
511.000000 -11.702419 -13.916892 -17.719451 0.083728 0.468731 0.315887 0.820668
512.000000 -11.312769 -14.005361 -16.802746 0.082659 0.465578 0.314552 0.823081
513.000000 -11.826161 -13.761443 -17.625506 0.082179 0.462806 0.312881 0.825326
514.000000 -12.441073 -13.793393 -18.413454 0.081253 0.460718 0.311013 0.827290
515.000000 -13.085571 -13.674184 -19.168710 0.080829 0.458638 0.309627 0.829005
516.000000 -12.677481 -13.733775 -18.257715 0.080421 0.455858 0.306818 0.831618
517.000000 -12.930785 -13.832856 -19.220014 0.079641 0.453166 0.304025 0.834186
518.000000 -12.488695 -13.854657 -18.323309 0.079446 0.450374 0.301374 0.836675
519.000000 -13.194342 -14.019091 -19.012528 0.079474 0.448243 0.299013 0.838662
520.000000 -13.351341 -13.516877 -18.162156 0.079781 0.445879 0.294838 0.841367
521.000000 -13.665731 -13.434882 -19.107902 0.080161 0.443397 0.291666 0.843744
522.000000 -13.289979 -13.503828 -18.183750 0.080494 0.441016 0.287997 0.846217
523.000000 -13.763597 -13.262156 -19.030675 0.081368 0.438763 0.284524 0.848476
524.000000 -13.252920 -13.149630 -18.178297 0.082473 0.435716 0.281539 0.850932
525.000000 -12.864628 -13.227936 -17.260094 0.083459 0.433276 0.278182 0.853183
526.000000 -12.420775 -13.212607 -16.364125 0.084475 0.431128 0.273345 0.855731
527.000000 -11.718956 -12.720232 -16.878923 0.087787 0.422135 0.270121 0.860889
528.000000 -11.061411 -13.119899 -17.517595 0.086618 0.416550 0.265410 0.865183
529.000000 -10.778432 -13.512795 -16.642635 0.089086 0.413778 0.261539 0.867438
530.000000 -10.244254 -13.595268 -15.801295 0.091431 0.411146 0.257321 0.869704
531.000000 -10.622397 -13.364983 -16.697943 0.093958 0.408260 0.252644 0.872162
532.000000 -11.210461 -13.429737 -17.504161 0.096757 0.405291 0.248486 0.874432
533.000000 -10.868074 -13.398298 -16.565128 0.100000 0.402296 0.244005 0.876709
534.000000 -10.359191 -13.376093 -15.704579 0.103228 0.399037 0.239877 0.878961
535.000000 -10.958867 -13.953972 -15.151004 0.107666 0.394247 0.235472 0.881777
536.000000 -11.263648 -13.823128 -16.094396 0.112085 0.390658 0.231163 0.883961
537.000000 -10.750912 -13.857505 -15.236538 0.116495 0.387207 0.226400 0.886139
538.000000 -10.164858 -13.363787 -15.879021 0.121014 0.384127 0.223844 0.887522
539.000000 -10.099300 -13.720809 -14.947228 0.126173 0.380481 0.220177 0.889290
540.000000 -9.325233 -13.820450 -14.322015 0.131404 0.376332 0.215906 0.891343
541.000000 -9.374971 -14.277022 -13.433720 0.136664 0.372771 0.211735 0.893047
542.000000 -10.248668 -14.390729 -12.960724 0.141287 0.364221 0.207606 0.896817
543.000000 -9.541557 -14.563546 -12.275065 0.146510 0.360286 0.203531 0.898501
544.000000 -10.490872 -14.590906 -12.588198 0.151701 0.357770 0.201390 0.899127
545.000000 -11.473003 -14.449342 -12.712204 0.157289 0.353779 0.195349 0.901076
546.000000 -11.787848 -14.163046 -13.617139 0.162510 0.349492 0.191593 0.902628
547.000000 -11.058245 -14.375242 -12.967022 0.167493 0.345136 0.188837 0.903973
548.000000 -11.503333 -14.128677 -13.827895 0.172515 0.341374 0.185556 0.905136
549.000000 -11.470958 -14.301131 -12.843409 0.177762 0.337259 0.182606 0.906263
550.000000 -11.861402 -13.951957 -13.695249 0.182769 0.332928 0.180264 0.907336
551.000000 -11.458766 -13.038292 -13.639559 0.191051 0.326616 0.176158 0.908730
552.000000 -10.850223 -13.287852 -12.886302 0.195311 0.322872 0.174119 0.909555
553.000000 -11.139856 -13.208488 -13.840144 0.199789 0.318646 0.171274 0.910612
554.000000 -11.780698 -12.446774 -13.935604 0.203837 0.314280 0.169705 0.911526
555.000000 -12.234567 -12.092560 -14.753244 0.207982 0.310815 0.167393 0.912205
556.000000 -11.885698 -12.217137 -13.824389 0.211349 0.307238 0.165136 0.913053
557.000000 -11.929165 -12.677304 -12.937622 0.214489 0.303298 0.163466 0.913939
558.000000 -12.260993 -12.279053 -13.792774 0.217267 0.299861 0.161195 0.914819
559.000000 -11.802474 -12.469441 -12.924724 0.220230 0.295810 0.159722 0.915688
560.000000 -12.043412 -12.030937 -13.790554 0.223126 0.292039 0.157739 0.916541
561.000000 -11.671638 -12.184991 -12.875103 0.224863 0.289107 0.156076 0.917330
562.000000 -11.878957 -11.806081 -13.777015 0.226574 0.285746 0.154381 0.918248
563.000000 -11.480206 -11.829543 -12.860256 0.227297 0.282858 0.153799 0.919061
564.000000 -11.869431 -11.561357 -13.741494 0.227975 0.280183 0.153372 0.919784
565.000000 -12.820604 -11.850534 -13.849409 0.228737 0.276870 0.152823 0.920689
566.000000 -13.618977 -11.458954 -14.306866 0.550798 -0.377161 0.730372 -0.144665
567.000000 -14.297909 -10.873211 -13.864197 0.552625 -0.377922 0.728569 -0.144802
568.000000 -14.389535 -10.117627 -14.512809 0.552725 -0.377913 0.728687 -0.143846
569.000000 -15.273662 -9.657373 -14.593343 0.554021 -0.378181 0.727636 -0.143479
570.000000 -16.157604 -9.796166 -14.146820 0.556448 -0.378255 0.725891 -0.142726
571.000000 -17.016375 -9.418116 -13.801001 0.557877 -0.379611 0.724185 -0.142214
572.000000 -17.966479 -9.297499 -13.513329 0.558885 -0.381457 0.722556 -0.141602
573.000000 -18.691930 -8.623280 -13.651709 0.559220 -0.383859 0.721333 -0.140015
574.000000 -19.660851 -8.644079 -13.405217 0.560318 -0.385931 0.719471 -0.139506
575.000000 -19.381423 -8.814800 -14.350085 0.528368 0.707973 -0.117274 -0.453705
576.000000 -19.939143 -8.534239 -15.131260 0.530613 0.708242 -0.115106 -0.451213
577.000000 -19.056229 -8.833547 -15.493032 -0.107874 0.042412 0.946984 -0.299644
578.000000 -18.947986 -8.928678 -16.482594 -0.107030 0.039108 0.947122 -0.299957
579.000000 -18.841197 -8.957342 -17.476462 -0.106064 0.035701 0.947197 -0.300490
580.000000 -18.312217 -9.412900 -16.760468 -0.104000 0.030831 0.947167 -0.301842
581.000000 -18.789594 -9.669280 -15.920004 -0.103701 0.027490 0.947290 -0.301881
582.000000 -18.831719 -9.730114 -16.917262 -0.102327 0.023871 0.947405 -0.302295
583.000000 -18.411785 -9.388475 -17.758059 -0.101818 0.020362 0.947384 -0.302791
584.000000 -17.765478 -9.334597 -18.519232 -0.100912 0.017368 0.947354 -0.303375
585.000000 -17.885389 -9.135118 -19.491769 -0.098985 0.014187 0.947571 -0.303496
586.000000 -17.667464 -9.422532 -20.424455 -0.097440 0.012022 0.947676 -0.303762
587.000000 -17.782529 -9.514021 -21.413591 -0.095279 0.009183 0.947846 -0.304015
588.000000 -17.881077 -9.303511 -22.386202 -0.093296 0.006083 0.948066 -0.304023
589.000000 -17.774674 -9.416548 -23.374079 -0.091359 0.004181 0.948167 -0.304328
590.000000 -17.568965 -8.890714 -22.548741 -0.088454 0.002469 0.948271 -0.304880
591.000000 -17.278854 -8.744774 -23.494541 -0.086172 0.000267 0.948560 -0.304643
592.000000 -16.979820 -8.673335 -24.446106 -0.084223 -0.001472 0.948897 -0.304135
593.000000 -17.099604 -8.513334 -23.466283 -0.081192 -0.002857 0.949261 -0.303815
594.000000 -17.122421 -8.480567 -24.465486 -0.078119 -0.003910 0.949785 -0.302971
595.000000 -16.945590 -8.730595 -23.513532 -0.074989 -0.005755 0.950007 -0.303035
596.000000 -16.747909 -8.508483 -24.468303 -0.072516 -0.006865 0.950404 -0.302367
597.000000 -16.808618 -8.551979 -25.465511 -0.069153 -0.007390 0.950761 -0.302022
598.000000 -16.971508 -8.819270 -24.515762 -0.066048 -0.008502 0.951033 -0.301832
599.000000 -17.020531 -8.646890 -25.499572 -0.062352 -0.009660 0.951409 -0.301395
600.000000 -17.106875 -8.712318 -26.493687 -0.058791 -0.009679 0.952006 -0.300225
601.000000 -17.323928 -8.935800 -27.443920 -0.054885 -0.009443 0.952500 -0.299403
602.000000 -17.049720 -8.744016 -28.386273 -0.052331 -0.009326 0.953025 -0.298192
603.000000 -17.033253 -8.656603 -29.382309 -0.049251 -0.009474 0.953501 -0.297188
604.000000 -16.221398 -8.127840 -29.629903 -0.043407 -0.008633 0.954082 -0.296258
605.000000 -16.171656 -8.158952 -30.628180 -0.039743 -0.008444 0.954272 -0.296164
606.000000 -16.171788 -8.206203 -31.627063 -0.035971 -0.007450 0.954902 -0.294641
607.000000 -15.844159 -8.920126 -32.245912 -0.032515 -0.005510 0.955529 -0.293049
608.000000 -16.525554 -9.348261 -32.839546 -0.026961 -0.004210 0.956061 -0.291893
609.000000 -17.051717 -9.858293 -33.520002 -0.022289 -0.002934 0.956660 -0.290337
610.000000 -16.478763 -9.643763 -34.311015 -0.018330 -0.001781 0.957311 -0.288474
611.000000 -16.682023 -9.825478 -33.348900 -0.014802 -0.000683 0.957836 -0.286935
612.000000 -17.260665 -10.012899 -32.555145 -0.010771 0.000505 0.958098 -0.286237
613.000000 -16.919098 -9.781146 -31.644309 -0.006794 0.001921 0.958436 -0.285222
614.000000 -17.039356 -10.055294 -32.598448 -0.002930 0.004213 0.958896 -0.283713
615.000000 -16.912931 -9.981190 -31.609243 0.000467 0.006253 0.959419 -0.281913
616.000000 -17.165551 -9.679397 -32.528539 0.003998 0.007922 0.959891 -0.280234
617.000000 -16.939130 -9.352969 -31.610836 0.007085 0.009743 0.959840 -0.280289
618.000000 -16.173137 -9.905397 -31.282084 0.748559 0.576463 0.077950 0.318235
619.000000 -15.781519 -9.904186 -32.202212 0.748861 0.575461 0.074290 0.320208
620.000000 -16.492108 -10.541423 -31.903897 0.748610 0.575673 0.071737 0.320995
621.000000 -16.697983 -11.505123 -32.073890 0.748269 0.576068 0.068057 0.321882
622.000000 -16.210943 -11.996188 -32.796142 0.748629 0.575544 0.064338 0.322746
623.000000 -15.326329 -12.244497 -32.401427 0.749017 0.573435 0.063124 0.325823
624.000000 -16.121066 -11.753754 -32.044268 0.749458 0.572844 0.059497 0.326531
625.000000 -16.698534 -11.429770 -31.294891 0.750124 0.572161 0.056031 0.326812
626.000000 -15.940930 -11.556388 -31.935207 0.750901 0.571424 0.052738 0.326867
627.000000 -15.511677 -12.313665 -32.427420 0.751921 0.570349 0.049922 0.326839
628.000000 -14.761916 -12.598047 -33.024903 0.753043 0.569066 0.046471 0.327002
629.000000 -15.370262 -11.855554 -32.744510 0.754011 0.567874 0.043187 0.327295
630.000000 -15.294671 -10.882191 -32.528062 0.755095 0.566509 0.038753 0.327715
631.000000 -14.519647 -10.995553 -33.149743 0.756021 0.565698 0.035901 0.327306
632.000000 -14.983630 -10.670430 -32.325719 0.756713 0.565446 0.032559 0.326490
633.000000 -15.723383 -10.547669 -31.664133 0.758010 0.564205 0.030369 0.325840
634.000000 -16.144347 -10.216369 -30.819723 0.758722 0.563794 0.026850 0.325204
635.000000 -16.560281 -9.829645 -29.996654 0.759658 0.563175 0.023559 0.324343
636.000000 -17.114152 -9.420399 -29.271571 0.760183 0.563222 0.020368 0.323246
637.000000 -17.590930 -8.905209 -28.559348 0.761195 0.562281 0.017460 0.322672
638.000000 -17.909946 -8.805113 -27.616899 0.761806 0.562666 0.014396 0.320704
639.000000 -17.370360 -9.023750 -28.429946 0.762449 0.562500 0.011196 0.319593
640.000000 -16.668329 -9.447985 -29.001940 0.763430 0.562004 0.008820 0.318197
641.000000 -16.850559 -8.560343 -28.578994 0.764194 0.561541 0.006108 0.317243
642.000000 -16.384656 -8.715994 -29.450033 0.765036 0.561056 0.003572 0.316108
643.000000 -16.005666 -7.816806 -29.231339 0.766979 0.558897 -0.000751 0.315240
644.000000 -15.464748 -7.636136 -30.052781 0.767897 0.558823 -0.002607 0.313121
645.000000 -15.700758 -7.546823 -29.085143 0.768880 0.558770 -0.004945 0.310766
646.000000 -15.720089 -8.338363 -29.695954 0.769946 0.557886 -0.007432 0.309662
647.000000 -16.114586 -8.035940 -28.828249 0.770808 0.557575 -0.009286 0.308025
648.000000 -16.293206 -8.824512 -29.416678 0.771816 0.557028 -0.011253 0.306420
649.000000 -16.538950 -9.137075 -30.334237 0.772516 0.557119 -0.014228 0.304361
650.000000 -16.845252 -8.571712 -29.568376 0.773347 0.556627 -0.016040 0.303058
651.000000 -17.443759 -8.254307 -28.832820 0.773695 0.556852 -0.018216 0.301628
652.000000 -16.658286 -8.156108 -28.221765 0.108647 -0.521531 -0.542584 0.649464
653.000000 -17.293204 -7.383538 -28.225489 0.109423 -0.523430 -0.541134 0.649016
654.000000 -18.012171 -6.709652 -28.055298 0.110826 -0.524895 -0.540066 0.648484
655.000000 -18.771551 -6.459900 -27.454494 0.111892 -0.526518 -0.539290 0.647631
656.000000 -19.150306 -5.644387 -27.016906 0.112649 -0.528172 -0.538402 0.646891
657.000000 -18.670030 -6.504639 -27.188084 0.113974 -0.529750 -0.537649 0.645994
658.000000 -17.810235 -6.937085 -26.916528 0.930943 0.214321 -0.232214 -0.182998
659.000000 -18.656092 -6.984162 -27.447856 0.930656 0.213590 -0.232814 -0.184543
660.000000 -19.617225 -6.715798 -27.512696 0.930267 0.212926 -0.233723 -0.186117
661.000000 -20.327185 -6.804238 -28.211362 0.929708 0.213161 -0.234169 -0.188067
662.000000 -21.211285 -6.738796 -28.674055 0.929217 0.212677 -0.235316 -0.189607
663.000000 -21.001673 -6.765277 -27.696629 0.928615 0.212397 -0.236515 -0.191370
664.000000 -21.883508 -6.627255 -28.147536 0.928318 0.211280 -0.237649 -0.192640
665.000000 -21.597393 -6.896108 -27.227831 0.927613 0.211482 -0.238805 -0.194376
666.000000 -20.702190 -6.638735 -26.864004 0.926821 0.211421 -0.240802 -0.195753
667.000000 -21.033763 -6.508062 -27.798341 0.926133 0.211817 -0.242266 -0.196772
668.000000 -21.566235 -6.866751 -28.565032 0.925422 0.211890 -0.243914 -0.197998
669.000000 -22.142641 -7.125136 -29.340270 0.924637 0.212286 -0.245500 -0.199274
670.000000 -22.769836 -7.149877 -28.561801 -0.033305 0.568445 -0.266556 0.777631
671.000000 -23.407616 -7.332699 -27.813594 -0.031524 0.566355 -0.266797 0.779145
672.000000 -23.967630 -7.589973 -28.601118 -0.029792 0.565061 -0.265994 0.780427
673.000000 -23.475703 -7.522501 -27.733100 -0.028193 0.564300 -0.265284 0.781278
674.000000 -22.483526 -7.622000 -27.808497 -0.027792 0.562602 -0.266129 0.782228
675.000000 -23.479919 -7.633301 -27.892603 -0.027411 0.560569 -0.266427 0.783599
676.000000 -23.008111 -6.752487 -27.932153 -0.027724 0.558849 -0.266850 0.784672
677.000000 -22.048314 -6.957635 -27.740568 -0.027903 0.557027 -0.267189 0.785845
678.000000 -21.070263 -7.026614 -27.543955 -0.027629 0.555071 -0.267468 0.787143
679.000000 -22.004397 -6.670395 -27.521574 -0.027229 0.553297 -0.267777 0.788300
680.000000 -21.031444 -6.884845 -27.435702 -0.027441 0.551229 -0.268395 0.789530
681.000000 -20.829455 -7.458935 -28.229190 -0.028358 0.545969 -0.267328 0.793504
682.000000 -19.855526 -7.355208 -28.027441 -0.028642 0.544082 -0.268030 0.794553
683.000000 -18.911922 -7.434582 -27.706022 -0.028938 0.542244 -0.268170 0.795751
684.000000 -19.878919 -7.384627 -27.456181 -0.029387 0.539923 -0.268282 0.797273
685.000000 -18.884665 -7.490682 -27.441658 -0.029462 0.537592 -0.268589 0.798740
686.000000 -18.301750 -7.960757 -28.104409 -0.029879 0.535196 -0.268917 0.800223
687.000000 -17.350879 -8.264530 -28.044689 -0.030363 0.532774 -0.268308 0.802023
688.000000 -16.648870 -8.591794 -28.677210 -0.030683 0.527081 -0.267713 0.805962
689.000000 -15.665706 -8.774510 -28.678987 -0.031151 0.524272 -0.267887 0.807716
690.000000 -15.151296 -9.189411 -29.429479 -0.032067 0.518584 -0.266754 0.811717
691.000000 -14.153907 -9.231602 -29.370866 -0.032588 0.516203 -0.266410 0.813325
692.000000 -15.064275 -9.137825 -29.773899 -0.033268 0.514216 -0.266229 0.814615
693.000000 -15.730788 -8.821804 -29.098702 -0.034190 0.509575 -0.265607 0.817690
694.000000 -15.585319 -8.394890 -28.206187 -0.034561 0.507129 -0.264951 0.819406
695.000000 -16.555074 -8.155575 -28.254168 -0.035613 0.504654 -0.264698 0.820970
696.000000 -17.500300 -7.855084 -28.126678 -0.036635 0.502110 -0.264557 0.822528
697.000000 -16.517081 -8.008717 -28.028303 -0.037901 0.499047 -0.264350 0.824400
698.000000 -17.481494 -7.748724 -27.980223 -0.038708 0.496251 -0.263806 0.826222
699.000000 -18.045565 -7.941336 -28.783170 -0.039730 0.493251 -0.263548 0.828050
