0.000000 0.000000 0.000000 0.000000 -0.000000 0.000000 -0.000000 1.000000
0.000000 0.060827 -0.109127 0.992165 -0.001383 0.005135 0.001131 0.999985
0.000000 0.104079 -0.141941 1.990690 -0.001531 0.008546 0.002177 0.999960
0.000000 0.328862 -0.300204 2.952161 -0.002102 0.008183 0.003141 0.999959
0.000000 0.548176 -0.384863 3.924135 -0.002039 0.003606 0.002818 0.999987
0.000000 0.525300 -0.512901 4.915640 -0.002688 -0.000358 0.003380 0.999991
0.000000 0.640206 -0.398874 5.902451 -0.000965 -0.008200 0.004746 0.999955
0.000000 0.780240 -0.536242 6.883022 -0.002210 -0.018377 0.004118 0.999820
0.000000 0.682910 -0.508695 7.877893 -0.001831 -0.027566 0.001745 0.999617
0.000000 0.478158 -0.525556 8.856562 -0.001265 -0.036010 -0.000551 0.999350
0.000000 0.391892 -0.514134 9.852768 -0.000847 -0.046561 -0.001350 0.998914
0.000000 1.070251 -0.432983 10.583004 0.000001 -0.066505 -0.001187 0.997785
0.000000 0.855361 -0.458143 11.559318 -0.000721 -0.076506 0.000184 0.997069
0.000000 0.689507 -0.464841 12.545445 -0.000687 -0.085490 -0.000984 0.996338
0.000000 0.359358 -0.545124 13.485954 -0.001882 -0.091219 -0.001394 0.995828
0.000000 -0.061151 -0.570936 14.392875 -0.001611 -0.096483 -0.002584 0.995330
0.000000 -0.403125 -0.591550 15.332358 -0.002218 -0.100375 -0.001556 0.994946
0.000000 -0.753760 -0.633401 16.267935 -0.001731 -0.104439 -0.000269 0.994530
0.000000 -0.852069 -0.648473 17.262977 -0.001230 -0.110534 0.000024 0.993872
0.000000 -1.161761 -0.691811 18.212825 -0.001392 -0.111972 -0.000489 0.993710
0.000000 -1.600531 -0.713500 19.111163 0.000206 -0.115425 0.000056 0.993316
0.000000 -1.603387 -0.702179 20.111095 0.000685 -0.121836 0.002493 0.992547
0.000000 -1.831154 -0.770682 21.082398 -0.000224 -0.124422 0.005976 0.992211
0.000000 -2.181802 -0.780877 22.018850 0.000966 -0.128783 0.005949 0.991654
0.000000 -2.418289 -0.735050 22.989403 0.004107 -0.133100 0.003478 0.991088
0.000000 -2.624193 -0.784035 23.966748 0.005584 -0.137718 0.001955 0.990454
0.000000 -2.943967 -0.838687 24.912665 0.006111 -0.141466 0.003321 0.989919
0.000000 -3.291713 -0.902062 25.848109 0.006564 -0.143990 0.004035 0.989549
0.000000 -3.637631 -0.946436 26.785324 0.007676 -0.147352 0.002914 0.989050
0.000000 -3.972642 -0.983227 27.726820 0.009528 -0.150729 0.000990 0.988529
0.000000 -4.305608 -0.985504 28.669756 0.012041 -0.154985 0.001670 0.987842
0.000000 -4.703613 -1.042211 29.585385 0.015238 -0.156731 0.001293 0.987523
0.000000 -4.876603 -1.059573 30.570155 0.019941 -0.161044 0.000891 0.986745
0.000000 -4.932408 -1.123418 31.566553 0.024507 -0.165166 -0.000200 0.985961
0.000000 -5.147480 -1.143642 32.542942 0.029982 -0.169426 -0.001053 0.985086
0.000000 -5.592810 -1.245249 33.432525 0.032621 -0.171007 -0.001339 0.984729
0.000000 -5.836642 -1.291566 34.401236 0.037537 -0.175328 -0.004731 0.983783
0.000000 -5.806348 -1.272416 35.400593 0.041751 -0.182568 -0.005204 0.982293
0.000000 -6.176353 -1.395364 36.321451 0.045296 -0.184782 -0.008470 0.981699
0.000000 -6.594499 -1.446851 37.228371 0.046458 -0.187420 -0.007921 0.981149
0.000000 -7.080761 -1.542519 38.096931 0.046951 -0.189134 -0.008600 0.980791
0.000000 -7.435811 -1.562672 39.031561 0.046828 -0.193218 -0.006463 0.980016
0.000000 -7.832352 -1.635112 39.946716 0.047129 -0.196184 -0.006978 0.979409
0.000000 -8.195207 -1.700845 40.876240 0.046889 -0.200216 -0.007032 0.978604
0.000000 -8.532362 -1.776036 41.814682 0.044405 -0.204668 -0.005547 0.977808
0.000000 -9.045426 -1.870379 42.667831 0.042080 -0.207907 -0.006286 0.977223
0.000000 -9.534271 -1.933240 43.537934 0.037862 -0.212579 -0.004362 0.976400
0.000000 -10.056949 -2.014207 44.386611 0.037076 -0.216190 -0.007735 0.975616
0.000000 -10.502196 -2.112544 45.276603 0.036327 -0.220625 -0.008556 0.974644
0.000000 -10.943013 -2.215012 46.168332 0.036825 -0.225410 -0.010117 0.973515
0.000000 -11.290078 -2.311168 47.101231 0.036811 -0.229910 -0.011581 0.972447
0.000000 -11.714754 -2.418690 48.000168 0.035888 -0.234991 -0.012551 0.971254
0.000000 -12.020383 -2.459252 48.951455 0.036046 -0.241951 -0.013028 0.969531
0.000000 -12.620883 -2.569342 49.743465 0.034647 -0.244511 -0.016154 0.968893
0.000000 -13.037170 -2.613723 50.651615 0.032383 -0.249535 -0.015763 0.967696
0.000000 -13.583094 -2.690227 51.485949 0.031385 -0.252684 -0.017724 0.966877
0.000000 -14.126543 -2.750277 52.323241 0.031355 -0.255844 -0.018554 0.966031
0.000000 -14.730273 -2.776114 53.120010 0.030900 -0.258805 -0.017625 0.965274
0.000000 -15.222557 -2.831732 53.988666 0.030093 -0.261630 -0.017833 0.964534
0.000000 -15.817626 -2.872537 54.791304 0.030065 -0.263960 -0.017757 0.963901
0.000000 -16.427776 -2.925411 55.581824 0.030660 -0.265966 -0.018250 0.963322
0.000000 -16.991836 -2.974771 56.406081 0.030575 -0.268335 -0.017420 0.962683
0.000000 -17.460997 -3.064820 57.284591 0.032103 -0.270808 -0.019715 0.961896
0.000000 -17.960345 -3.144056 58.147362 0.031026 -0.270986 -0.020147 0.961872
0.000000 -18.493401 -3.201934 58.991460 0.029680 -0.271111 -0.019634 0.961890
0.000000 -19.064093 -3.252214 59.811083 0.029917 -0.270346 -0.019844 0.962094
0.000000 -19.659473 -3.285278 60.613847 0.030516 -0.270577 -0.018724 0.962032
0.000000 -20.335117 -3.310512 61.350642 0.030338 -0.270665 -0.016800 0.962049
0.000000 -20.911127 -3.364984 62.166268 0.029117 -0.271958 -0.016655 0.961724
0.000000 -21.439068 -3.431422 63.012946 0.027142 -0.274676 -0.017162 0.961000
0.000000 -21.970124 -3.486064 63.858520 0.024928 -0.277103 -0.016741 0.960371
0.000000 -22.464425 -3.530139 64.726692 0.023650 -0.281717 -0.016212 0.959069
0.000000 -22.948127 -3.562577 65.601324 0.025054 -0.288373 -0.013757 0.957091
0.000000 -23.627549 -3.627788 66.332168 0.026198 -0.293122 -0.012661 0.955632
0.000000 -24.280777 -3.672124 67.088030 0.024972 -0.298328 -0.011683 0.954065
0.000000 -24.914078 -3.747166 67.858289 0.022288 -0.302388 -0.013186 0.952833
0.000000 -25.473235 -3.791679 68.686155 0.021449 -0.306880 -0.015968 0.951373
0.000000 -26.075186 -3.839026 69.483283 0.022647 -0.310792 -0.016513 0.950065
0.000000 -26.720422 -3.876527 70.246346 0.025451 -0.312896 -0.016552 0.949302
0.000000 -27.258337 -3.908749 71.088728 0.029947 -0.316326 -0.017027 0.948025
0.000000 -27.906518 -3.968338 71.847880 0.030074 -0.318188 -0.017174 0.947395
0.000000 -28.532722 -4.013192 72.626247 0.028142 -0.321017 -0.017137 0.946500
0.000000 -29.174524 -4.091758 73.389083 0.025349 -0.322915 -0.018722 0.945903
0.000000 -29.757973 -4.159370 74.198413 0.024063 -0.324981 -0.019775 0.945208
0.000000 -30.330023 -4.241176 75.014542 0.023905 -0.328024 -0.021183 0.944129
0.000000 -30.997533 -4.320229 75.754935 0.024010 -0.330200 -0.021592 0.943358
0.000000 -31.703297 -4.359873 76.462272 0.025180 -0.331865 -0.020495 0.942768
0.000000 -32.329794 -4.428765 77.238645 0.025863 -0.334401 -0.021421 0.941832
0.000000 -33.003989 -4.495876 77.974143 0.024074 -0.337907 -0.020406 0.940650
0.000000 -33.661122 -4.503321 78.727881 0.022972 -0.341789 -0.018312 0.939317
0.000000 -34.299768 -4.553628 79.495735 0.022094 -0.346400 -0.016305 0.937685
0.000000 -34.961050 -4.583843 80.245264 0.022024 -0.350841 -0.015005 0.936056
0.000000 -35.702735 -4.581497 80.916009 0.021205 -0.354476 -0.011511 0.934754
0.000000 -36.380573 -4.585091 81.651211 0.021280 -0.359282 -0.008828 0.932944
0.000000 -37.001320 -4.680909 82.429345 0.021183 -0.363552 -0.008842 0.931291
0.000000 -37.464958 -4.899327 83.288026 0.024703 -0.371829 -0.017496 0.927808
0.000000 -38.257634 -4.862586 83.896561 0.024624 -0.375733 -0.014249 0.926291
0.000000 -39.069463 -4.834245 84.479768 0.024655 -0.379271 -0.010624 0.924896
0.000000 -39.754489 -4.917492 85.203515 0.025497 -0.383830 -0.011734 0.922977
0.000000 -40.448944 -4.907037 85.922976 0.026070 -0.390456 -0.008330 0.920215
0.000000 -41.017532 -5.074587 86.728354 0.028232 -0.395316 -0.014178 0.918002
0.000000 -41.664203 -5.117494 87.489915 0.029346 -0.400464 -0.015175 0.915717
0.000000 -42.396236 -5.150026 88.170407 0.030259 -0.405339 -0.015343 0.913537
0.000000 -43.178766 -5.175466 88.792500 0.028413 -0.408493 -0.012238 0.912237
0.000000 -43.924711 -5.249777 89.454349 0.030059 -0.412092 -0.013250 0.910550
0.000000 -44.701165 -5.302302 90.082330 0.032124 -0.415355 -0.013596 0.908990
0.000000 -45.487847 -5.369259 90.696047 0.033467 -0.418340 -0.015454 0.907542
0.000000 -46.207984 -5.432633 91.386978 0.032854 -0.422839 -0.015204 0.905481
0.000000 -46.993401 -5.491272 92.003162 0.032614 -0.425785 -0.015395 0.904105
0.000000 -47.811329 -5.544311 92.576033 0.032068 -0.428709 -0.014826 0.902752
0.000000 -48.635882 -5.601628 93.138906 0.032368 -0.431021 -0.015201 0.901633
0.000000 -49.421651 -5.657867 93.754865 0.031575 -0.434258 -0.014248 0.900122
0.000000 -50.206670 -5.724140 94.370781 0.031427 -0.436113 -0.014154 0.899232
0.000000 -51.021352 -5.790604 94.946867 0.031065 -0.437896 -0.013505 0.898387
0.000000 -51.848152 -5.845493 95.506678 0.032063 -0.439647 -0.011813 0.897520
0.000000 -52.731268 -5.840775 95.975809 0.031978 -0.441148 -0.008187 0.896827
0.000000 -53.539484 -5.887654 96.562826 0.029890 -0.445094 -0.005176 0.894970
0.000000 -54.242212 -5.966060 97.269952 0.028825 -0.452506 -0.003457 0.891288
0.000000 -55.029310 -5.983059 97.886545 0.028283 -0.458196 -0.001938 0.888399
0.000000 -55.853878 -6.045609 98.448840 0.027395 -0.462335 -0.002792 0.886278
0.000000 -56.542986 -6.110475 99.170589 0.027100 -0.472172 -0.002840 0.881085
0.000000 -57.364105 -6.199617 99.734343 0.026983 -0.477645 -0.003130 0.878133
0.000000 -58.128455 -6.220055 100.378820 0.029151 -0.485866 -0.002662 0.873543
0.000000 -58.985313 -6.301222 100.887944 0.029387 -0.491413 -0.002583 0.870427
0.000000 -59.859165 -6.354172 101.371243 0.027826 -0.496769 -0.001594 0.867435
0.000000 -60.790077 -6.400476 101.733541 0.027031 -0.500592 -0.000812 0.865261
0.000000 -61.655925 -6.492010 102.225404 0.027751 -0.505653 -0.001890 0.862289
0.000000 -62.596799 -6.548870 102.559354 0.027777 -0.509384 -0.001243 0.860090
0.000000 -63.460476 -6.622393 103.058008 0.027467 -0.514803 -0.001364 0.856868
0.000000 -64.405723 -6.711719 103.371903 0.028577 -0.517678 -0.002734 0.855094
0.000000 -65.309070 -6.765930 103.797373 0.029603 -0.521948 -0.003706 0.852456
0.000000 -66.244165 -6.839126 104.144129 0.029797 -0.524987 -0.006113 0.850567
0.000000 -67.195152 -6.901533 104.446996 0.028047 -0.527186 -0.006227 0.849264
0.000000 -68.135522 -6.978559 104.778313 0.028283 -0.528915 -0.007025 0.848174
0.000000 -69.054114 -7.043638 105.168126 0.028844 -0.531690 -0.005800 0.846428
0.000000 -69.951727 -7.102822 105.604919 0.029104 -0.535204 -0.004167 0.844211
0.000000 -70.858761 -7.151821 106.023116 0.030142 -0.538550 -0.002996 0.842049
0.000000 -71.777620 -7.213802 106.412804 0.030749 -0.540704 -0.001376 0.840650
0.000000 -72.645792 -7.340769 106.892550 0.030393 -0.543952 -0.002961 0.838561
0.000000 -73.565387 -7.376274 107.283810 0.028163 -0.546136 -0.002440 0.837219
0.000000 -74.482759 -7.465700 107.671666 0.025785 -0.547425 -0.003420 0.836450
0.000000 -75.360293 -7.546053 108.144398 0.024968 -0.549460 -0.003982 0.835138
0.000000 -76.264315 -7.589844 108.569637 0.023539 -0.551740 -0.002785 0.833679
0.000000 -77.210606 -7.615439 108.891939 0.021885 -0.551970 -0.001309 0.833576
0.000000 -78.123123 -7.661296 109.298397 0.020982 -0.553242 -0.001490 0.832755
0.000000 -79.028867 -7.716121 109.718663 0.020226 -0.555371 -0.000094 0.831357
0.000000 -79.945015 -7.768890 110.116013 0.018846 -0.556742 0.001581 0.830470
0.000000 -80.738933 -7.845361 110.719210 0.017149 -0.561597 0.001060 0.827233
0.000000 -81.677723 -7.946615 111.048483 0.015302 -0.562186 -0.000213 0.826869
0.000000 -82.631713 -8.017176 111.339900 0.014436 -0.561608 0.000759 0.827277
0.000000 -83.554974 -8.062942 111.721338 0.014725 -0.562098 0.000431 0.826940
0.000000 -84.455562 -8.068184 112.155980 0.015668 -0.563915 0.001797 0.825682
0.000000 -85.316090 -8.045231 112.664865 0.017875 -0.566636 0.002127 0.823772
0.000000 -86.210122 -8.109204 113.108278 0.019692 -0.567081 -0.000178 0.823427
0.000000 -87.159581 -8.207501 113.406381 0.019978 -0.564311 -0.001418 0.825319
0.000000 -88.103904 -8.284918 113.726165 0.020390 -0.561092 -0.001555 0.827501
0.000000 -89.044165 -8.339503 114.062214 0.020456 -0.558281 -0.000887 0.829399
0.000000 -89.965530 -8.396485 114.446713 0.020522 -0.555044 -0.002017 0.831566
0.000000 -90.845429 -8.505632 114.909169 0.019813 -0.553345 -0.004154 0.832706
0.000000 -91.683585 -8.581028 115.449363 0.019767 -0.552651 -0.005668 0.833159
0.000000 -92.629970 -8.614218 115.770693 0.019724 -0.547435 -0.004608 0.836603
0.000000 -93.555447 -8.636105 116.148864 0.021061 -0.542721 -0.004011 0.839639
0.000000 -94.483942 -8.719606 116.510700 0.022392 -0.536365 -0.004790 0.843675
0.000000 -95.263989 -8.774475 117.134010 0.023891 -0.536434 -0.005565 0.843585
0.000000 -96.150592 -8.842137 117.591566 0.023735 -0.532841 -0.007118 0.845853
0.000000 -97.033018 -8.888790 118.059699 0.024175 -0.526229 -0.008752 0.849954
0.000000 -97.975683 -8.937720 118.389833 0.023726 -0.515575 -0.010233 0.856455
0.000000 -98.906332 -8.998183 118.750716 0.023543 -0.507221 -0.010814 0.861427
0.000000 -99.850757 -9.052258 119.074964 0.023367 -0.497090 -0.010037 0.867326
0.000000 0.000000 0.000000 0.000000 -0.000000 0.000000 -0.000000 1.000000
0.000000 0.060827 -0.109127 0.992165 -0.001383 0.005135 0.001131 0.999985
0.000000 0.104079 -0.141941 1.990690 -0.001531 0.008546 0.002177 0.999960
0.000000 0.328862 -0.300204 2.952161 -0.002102 0.008183 0.003141 0.999959
0.000000 0.548176 -0.384863 3.924135 -0.002039 0.003606 0.002818 0.999987
0.000000 0.525300 -0.512901 4.915640 -0.002688 -0.000358 0.003380 0.999991
0.000000 0.640206 -0.398874 5.902451 -0.000965 -0.008200 0.004746 0.999955
0.000000 0.780240 -0.536242 6.883022 -0.002210 -0.018377 0.004118 0.999820
0.000000 0.682910 -0.508695 7.877893 -0.001831 -0.027566 0.001745 0.999617
0.000000 0.478158 -0.525556 8.856562 -0.001265 -0.036010 -0.000551 0.999350
0.000000 0.391892 -0.514134 9.852768 -0.000847 -0.046561 -0.001350 0.998914
0.000000 1.070251 -0.432983 10.583004 0.000001 -0.066505 -0.001187 0.997785
0.000000 0.855361 -0.458143 11.559318 -0.000721 -0.076506 0.000184 0.997069
0.000000 0.689507 -0.464841 12.545445 -0.000687 -0.085490 -0.000984 0.996338
0.000000 0.359358 -0.545124 13.485954 -0.001882 -0.091219 -0.001394 0.995828
0.000000 -0.061151 -0.570936 14.392875 -0.001611 -0.096483 -0.002584 0.995330
0.000000 -0.403125 -0.591550 15.332358 -0.002218 -0.100375 -0.001556 0.994946
0.000000 -0.753760 -0.633401 16.267935 -0.001731 -0.104439 -0.000269 0.994530
0.000000 -0.852069 -0.648473 17.262977 -0.001230 -0.110534 0.000024 0.993872
0.000000 -1.161761 -0.691811 18.212825 -0.001392 -0.111972 -0.000489 0.993710
0.000000 -1.600531 -0.713500 19.111163 0.000206 -0.115425 0.000056 0.993316
0.000000 -1.603387 -0.702179 20.111095 0.000685 -0.121836 0.002493 0.992547
0.000000 -1.831154 -0.770682 21.082398 -0.000224 -0.124422 0.005976 0.992211
0.000000 -2.181802 -0.780877 22.018850 0.000966 -0.128783 0.005949 0.991654
0.000000 -2.418289 -0.735050 22.989403 0.004107 -0.133100 0.003478 0.991088
