0.000000 0.000000 0.000000 0.000000 0.000000 0.000000 0.000000 1.000000
1.000000 0.000711 0.000013 0.004592 -0.000474 0.010264 -0.001304 0.999946
2.000000 0.001648 -0.000031 0.009191 -0.001315 0.023373 -0.002023 0.999724
3.000000 0.002968 -0.000097 0.014198 -0.002603 0.040311 -0.001791 0.999182
4.000000 0.004590 -0.000174 0.019069 -0.003690 0.059202 -0.000150 0.998239
5.000000 0.006554 -0.000167 0.024853 -0.004018 0.078900 0.001320 0.996874
6.000000 0.008698 -0.000151 0.030376 -0.004707 0.100699 0.001353 0.994905
7.000000 0.011137 -0.000109 0.036081 -0.006244 0.124866 0.001481 0.992153
8.000000 0.013856 -0.000154 0.041239 -0.009354 0.151794 0.003263 0.988363
9.000000 0.017052 -0.000266 0.046209 -0.012382 0.177526 0.007032 0.984013
10.000000 0.020873 -0.000200 0.051880 -0.014048 0.204181 0.009140 0.978790
11.000000 0.025272 -0.000045 0.057992 -0.016075 0.232159 0.009394 0.972500
12.000000 0.030277 0.000158 0.064415 -0.018242 0.259979 0.009952 0.965391
13.000000 0.036232 0.000405 0.071218 -0.019994 0.288761 0.011705 0.957121
14.000000 0.042710 0.000727 0.077676 -0.021032 0.317257 0.013539 0.948010
15.000000 0.049244 0.001086 0.083616 -0.021917 0.345143 0.014506 0.938182
16.000000 0.056219 0.001487 0.089519 -0.022023 0.372436 0.015325 0.927670
17.000000 0.064164 0.001928 0.095686 -0.022477 0.398344 0.015458 0.916831
18.000000 0.072820 0.002381 0.101778 -0.023882 0.423756 0.014613 0.905344
19.000000 0.082323 0.002841 0.107934 -0.024651 0.447559 0.014117 0.893803
20.000000 0.092985 0.003361 0.114255 -0.025280 0.469180 0.013930 0.882631
21.000000 0.104247 0.003887 0.120216 -0.026139 0.488868 0.014226 0.871850
22.000000 0.115567 0.004443 0.125759 -0.026496 0.507314 0.013302 0.861251
23.000000 0.127462 0.005032 0.131058 -0.025792 0.524282 0.012737 0.851059
24.000000 0.140364 0.005583 0.136452 -0.024002 0.539898 0.012674 0.841292
25.000000 0.153765 0.006086 0.141587 -0.021834 0.552857 0.012946 0.832889
26.000000 0.167726 0.006542 0.146733 -0.020169 0.564027 0.013085 0.825406
27.000000 0.182598 0.006982 0.152000 -0.019401 0.572487 0.013436 0.819574
28.000000 0.198000 0.007453 0.157278 -0.019155 0.578526 0.014088 0.815317
29.000000 0.213848 0.007945 0.162632 -0.019482 0.583048 0.014869 0.812068
30.000000 0.231249 0.008576 0.168432 -0.020689 0.587620 0.015144 0.808731
31.000000 0.248640 0.009211 0.174006 -0.021884 0.591823 0.015342 0.805625
32.000000 0.266540 0.009915 0.179447 -0.022827 0.595864 0.015760 0.802606
33.000000 0.285638 0.010693 0.185071 -0.023831 0.599869 0.016210 0.799579
34.000000 0.305311 0.011482 0.190613 -0.024310 0.603845 0.016950 0.796551
35.000000 0.325602 0.012338 0.196014 -0.024743 0.607567 0.017543 0.793689
36.000000 0.347054 0.013328 0.201642 -0.026272 0.611449 0.018141 0.790639
37.000000 0.368578 0.014394 0.207068 -0.028002 0.615552 0.018906 0.787371
38.000000 0.391470 0.015577 0.212479 -0.029489 0.619980 0.019995 0.783808
39.000000 0.414660 0.016804 0.217554 -0.030350 0.624319 0.020492 0.780311
40.000000 0.438447 0.018035 0.222426 -0.030362 0.629086 0.020638 0.776468
41.000000 0.462442 0.019256 0.227125 -0.030176 0.634010 0.020069 0.772475
42.000000 0.486450 0.020424 0.231144 -0.029506 0.639404 0.019873 0.768048
43.000000 0.511568 0.021693 0.234828 -0.029210 0.646209 0.018806 0.762370
44.000000 0.537082 0.022947 0.237833 -0.029435 0.654575 0.017393 0.755223
45.000000 0.563257 0.024236 0.240299 -0.029638 0.664992 0.016327 0.746084
46.000000 0.590068 0.025534 0.241820 -0.029828 0.676111 0.015416 0.736034
47.000000 0.617002 0.026796 0.242710 -0.029330 0.687980 0.014745 0.724987
48.000000 0.644128 0.028007 0.242508 -0.028509 0.699170 0.014008 0.714249
49.000000 0.671995 0.029211 0.241704 -0.027581 0.710220 0.012836 0.703322
50.000000 0.700857 0.030331 0.240127 -0.026514 0.721151 0.011207 0.692180
51.000000 0.729507 0.031206 0.237642 -0.023700 0.731513 0.010806 0.681330
52.000000 0.758854 0.031952 0.234386 -0.019885 0.741819 0.010765 0.670219
53.000000 0.787857 0.032529 0.230456 -0.015952 0.751652 0.010773 0.659279
54.000000 0.817094 0.032999 0.225665 -0.012527 0.761048 0.010921 0.648483
55.000000 0.845877 0.033281 0.220053 -0.008121 0.770014 0.011970 0.637863
56.000000 0.875540 0.033484 0.213862 -0.003344 0.778775 0.009807 0.627218
57.000000 0.903160 0.033554 0.206963 0.002792 0.786841 0.004776 0.617131
58.000000 0.928483 0.033272 0.199842 0.008861 0.793622 -0.002068 0.608343
59.000000 0.952927 0.032532 0.192502 0.013608 0.801159 -0.008501 0.598236
60.000000 0.976505 0.031335 0.184864 0.017391 0.808614 -0.011629 0.587968
61.000000 1.000318 0.029952 0.176340 0.019339 0.815834 -0.012455 0.577828
62.000000 1.023431 0.028502 0.167401 0.020200 0.822597 -0.010903 0.568161
63.000000 1.045850 0.027119 0.158367 0.019810 0.828528 -0.007683 0.559545
64.000000 1.068928 0.025758 0.148397 0.021570 0.833883 -0.003605 0.551508
65.000000 1.091921 0.024478 0.138533 0.022140 0.837996 -0.003000 0.545219
66.000000 1.114401 0.023229 0.128674 0.024058 0.841296 -0.003343 0.540028
67.000000 1.136673 0.021957 0.118450 0.024741 0.844105 -0.004462 0.535589
68.000000 1.158526 0.020590 0.108249 0.023102 0.846924 -0.007144 0.531164
69.000000 1.180005 0.019220 0.097914 0.022486 0.850058 -0.006860 0.526164
70.000000 1.201343 0.017910 0.087136 0.023577 0.852432 -0.006371 0.522267
71.000000 1.223129 0.016583 0.076002 0.025443 0.854251 -0.006241 0.519201
72.000000 1.244550 0.015170 0.065142 0.026124 0.855018 -0.007192 0.517890
73.000000 1.265431 0.013741 0.054762 0.026470 0.854800 -0.008330 0.518216
74.000000 1.287115 0.012350 0.043959 0.027009 0.853658 -0.007338 0.520082
75.000000 1.309322 0.010898 0.033148 0.026213 0.851582 -0.007603 0.523510
76.000000 1.331892 0.009421 0.022408 0.025335 0.849180 -0.007768 0.527438
77.000000 1.355885 0.007913 0.011317 0.024695 0.846721 -0.008131 0.531402
78.000000 1.379925 0.006359 0.000396 0.023444 0.844457 -0.008686 0.535039
79.000000 1.404820 0.004753 -0.010792 0.021578 0.842806 -0.009524 0.537701
80.000000 1.430229 0.003109 -0.022089 0.019656 0.842172 -0.010081 0.538757
81.000000 1.456484 0.001432 -0.033709 0.017994 0.842039 -0.010203 0.539019
82.000000 1.483579 -0.000169 -0.045716 0.017439 0.841989 -0.010014 0.539120
83.000000 1.511335 -0.001785 -0.057952 0.017189 0.841893 -0.009601 0.539285
84.000000 1.539459 -0.003432 -0.070222 0.016836 0.841840 -0.009374 0.539383
85.000000 1.568094 -0.005040 -0.082833 0.016412 0.841774 -0.008925 0.539507
86.000000 1.596182 -0.006602 -0.095271 0.016298 0.841650 -0.008783 0.539706
87.000000 1.624937 -0.008209 -0.107867 0.015456 0.841565 -0.008762 0.539863
88.000000 1.653290 -0.009753 -0.120414 0.015273 0.841384 -0.008533 0.540154
89.000000 1.682676 -0.011378 -0.133349 0.014615 0.840970 -0.008822 0.540813
90.000000 1.711030 -0.012894 -0.145870 0.014030 0.840368 -0.008378 0.541771
91.000000 1.739757 -0.014385 -0.158201 0.013372 0.839500 -0.007396 0.543145
92.000000 1.768886 -0.015855 -0.170623 0.012986 0.838584 -0.006750 0.544575
93.000000 1.797664 -0.017287 -0.182799 0.012802 0.837748 -0.006754 0.545865
94.000000 1.826456 -0.018676 -0.194969 0.013153 0.836884 -0.006750 0.547181
95.000000 1.855453 -0.020051 -0.207003 0.013415 0.836462 -0.007089 0.547815
96.000000 1.883615 -0.021500 -0.218951 0.013794 0.836420 -0.008035 0.547856
97.000000 1.912024 -0.023037 -0.230872 0.014164 0.837123 -0.009364 0.546752
98.000000 1.939296 -0.024631 -0.242457 0.013920 0.838405 -0.010217 0.544774
99.000000 1.966900 -0.026191 -0.254501 0.014062 0.839937 -0.008824 0.542430
100.000000 1.995322 -0.027708 -0.267053 0.013731 0.841436 -0.007261 0.540134
101.000000 2.023003 -0.029242 -0.279584 0.012492 0.842819 -0.007436 0.538000
102.000000 2.050298 -0.030726 -0.292129 0.013806 0.844138 -0.008175 0.535885
103.000000 2.077200 -0.032199 -0.304614 0.014542 0.845362 -0.008698 0.533925
104.000000 2.103804 -0.033648 -0.317190 0.014989 0.846421 -0.009619 0.532216
105.000000 2.129754 -0.035141 -0.329588 0.014905 0.847254 -0.010237 0.530880
106.000000 2.155057 -0.036626 -0.341880 0.014545 0.848002 -0.009580 0.529706
107.000000 2.181525 -0.037989 -0.354580 0.012529 0.848569 -0.005831 0.528904
108.000000 2.208671 -0.039163 -0.367655 0.009704 0.848981 -0.002008 0.528330
109.000000 2.235874 -0.040207 -0.381008 0.009572 0.849196 -0.000863 0.527991
110.000000 2.262754 -0.041298 -0.393912 0.010346 0.849434 -0.003475 0.527582
111.000000 2.289327 -0.042461 -0.406655 0.012666 0.849625 -0.005661 0.527205
112.000000 2.315047 -0.043700 -0.418988 0.014699 0.849741 -0.004855 0.526974
113.000000 2.340297 -0.044923 -0.431177 0.015665 0.849725 -0.003908 0.526979
114.000000 2.364148 -0.046093 -0.442605 0.014041 0.849537 -0.003020 0.527334
115.000000 2.389018 -0.047175 -0.454411 0.012192 0.849221 -0.001171 0.527895
116.000000 2.414969 -0.048153 -0.466747 0.009321 0.848775 0.000480 0.528672
117.000000 2.441641 -0.049100 -0.479138 0.005814 0.848393 -0.000982 0.529334
118.000000 2.468152 -0.049954 -0.491323 0.002603 0.847792 -0.002059 0.530318
119.000000 2.495112 -0.050814 -0.503828 0.003695 0.847186 -0.000641 0.531282
120.000000 2.522190 -0.051725 -0.516415 0.005312 0.846309 -0.000545 0.532666
121.000000 2.549598 -0.052592 -0.528828 0.006907 0.844798 -0.000922 0.535039
122.000000 2.576681 -0.053402 -0.540913 0.008613 0.842474 0.000385 0.538668
123.000000 2.603018 -0.054207 -0.552412 0.011280 0.840115 0.002124 0.542287
124.000000 2.629455 -0.055044 -0.563609 0.010413 0.837101 0.001510 0.546948
125.000000 2.657271 -0.055830 -0.574887 0.009469 0.833422 0.001855 0.552553
126.000000 2.686526 -0.056580 -0.586418 0.008760 0.829617 0.003742 0.558252
127.000000 2.715514 -0.057342 -0.597412 0.008569 0.825918 0.003820 0.563712
128.000000 2.745109 -0.058017 -0.608136 0.008755 0.821896 0.004673 0.569551
129.000000 2.775908 -0.058703 -0.619003 0.009331 0.817865 0.004476 0.575317
130.000000 2.807550 -0.059580 -0.629371 0.009733 0.813940 0.001825 0.580865
131.000000 2.838060 -0.060547 -0.638960 0.011833 0.810275 -0.002055 0.585927
132.000000 2.869168 -0.061698 -0.648229 0.012738 0.806033 -0.004502 0.591716
133.000000 2.898654 -0.062837 -0.656700 0.011946 0.801980 -0.003496 0.597221
134.000000 2.929093 -0.064010 -0.664987 0.010662 0.797847 -0.002644 0.602760
135.000000 2.961808 -0.065254 -0.673209 0.010340 0.794453 -0.004441 0.607222
136.000000 2.993062 -0.066611 -0.680660 0.010716 0.791852 -0.008560 0.610559
137.000000 3.023536 -0.068147 -0.687564 0.010562 0.790041 -0.013484 0.612814
138.000000 3.054403 -0.069862 -0.694401 0.010004 0.788698 -0.016035 0.614490
139.000000 3.084406 -0.071605 -0.700921 0.008858 0.787264 -0.017141 0.616315
140.000000 3.114185 -0.073261 -0.707428 0.008486 0.785495 -0.017550 0.618561
141.000000 3.143294 -0.074882 -0.713488 0.006164 0.783453 -0.016862 0.621192
142.000000 3.173686 -0.076452 -0.719692 0.004621 0.781535 -0.015761 0.623645
143.000000 3.204100 -0.077901 -0.725827 0.003502 0.779343 -0.015244 0.626402
144.000000 3.234055 -0.079377 -0.731565 0.000976 0.777069 -0.017712 0.629165
145.000000 3.263884 -0.080800 -0.737053 -0.000383 0.774585 -0.020298 0.632144
146.000000 3.293562 -0.082208 -0.742367 0.001314 0.772032 -0.021420 0.635222
147.000000 3.322022 -0.083640 -0.747320 0.002987 0.769376 -0.021932 0.638413
148.000000 3.350245 -0.085114 -0.751940 0.002411 0.767045 -0.021232 0.641238
149.000000 3.380436 -0.086689 -0.756561 0.000943 0.764620 -0.019282 0.644192
150.000000 3.410788 -0.088131 -0.761114 -0.000067 0.762051 -0.018564 0.647250
151.000000 3.442478 -0.089517 -0.765284 0.000721 0.759549 -0.020658 0.650122
152.000000 3.472591 -0.091065 -0.769192 0.001922 0.757113 -0.021551 0.652926
153.000000 3.502739 -0.092674 -0.773000 0.001628 0.754541 -0.022535 0.655864
154.000000 3.532724 -0.094275 -0.776484 0.001638 0.752164 -0.022247 0.658598
155.000000 3.561461 -0.095762 -0.779924 0.002267 0.749568 -0.021099 0.661588
156.000000 3.592395 -0.097370 -0.783535 0.003121 0.746964 -0.020522 0.664541
157.000000 3.620893 -0.098884 -0.786672 0.003509 0.744579 -0.020291 0.667216
158.000000 3.650067 -0.100369 -0.789186 0.001341 0.742047 -0.022333 0.669975
159.000000 3.677685 -0.101793 -0.791260 -0.000298 0.740043 -0.023267 0.672156
160.000000 3.705740 -0.103170 -0.793475 0.000266 0.738602 -0.022457 0.673767
161.000000 3.733546 -0.104600 -0.795656 0.000901 0.736985 -0.021930 0.675553
162.000000 3.762159 -0.106043 -0.797566 0.001771 0.735240 -0.022019 0.677447
163.000000 3.788404 -0.107344 -0.799264 0.003251 0.733393 -0.019185 0.679527
164.000000 3.815724 -0.108665 -0.801055 0.005177 0.731631 -0.015569 0.681504
165.000000 3.843375 -0.109996 -0.802286 0.005505 0.730152 -0.014639 0.683105
166.000000 3.870086 -0.111310 -0.803259 0.005446 0.728652 -0.016143 0.684672
167.000000 3.897348 -0.112638 -0.804442 0.005467 0.727179 -0.017651 0.686199
168.000000 3.924377 -0.114020 -0.805662 0.004604 0.726128 -0.018492 0.687296
169.000000 3.951007 -0.115427 -0.806963 0.004201 0.725315 -0.018190 0.688164
170.000000 3.978122 -0.116814 -0.808136 0.003055 0.724716 -0.016047 0.688854
171.000000 4.005972 -0.118145 -0.809142 0.001363 0.724048 -0.014434 0.689597
172.000000 4.034801 -0.119464 -0.810143 0.000911 0.723418 -0.013783 0.690272
173.000000 4.064929 -0.120789 -0.811406 0.002439 0.722563 -0.015703 0.691122
174.000000 4.093845 -0.122178 -0.812461 0.003801 0.722140 -0.016969 0.691529
175.000000 4.122828 -0.123644 -0.813214 0.002936 0.721796 -0.017690 0.691873
176.000000 4.151768 -0.125105 -0.813861 0.002190 0.721362 -0.018190 0.692315
177.000000 4.181476 -0.126653 -0.814847 0.003709 0.720795 -0.016700 0.692938
178.000000 4.212277 -0.128198 -0.815565 0.004138 0.720143 -0.018211 0.693575
179.000000 4.241145 -0.129871 -0.815916 0.002633 0.719785 -0.021437 0.693861
180.000000 4.270442 -0.131555 -0.816401 0.001718 0.719232 -0.024134 0.694349
181.000000 4.301292 -0.133320 -0.816936 0.003056 0.718852 -0.024814 0.694713
182.000000 4.330830 -0.135182 -0.817329 0.003603 0.718371 -0.024791 0.695209
183.000000 4.360387 -0.136959 -0.817506 0.003666 0.717543 -0.025509 0.696037
184.000000 4.389008 -0.138677 -0.817790 0.005271 0.716747 -0.022548 0.696949
185.000000 4.417285 -0.140447 -0.817857 0.004892 0.715584 -0.020255 0.698216
186.000000 4.447890 -0.142181 -0.818015 0.003498 0.714617 -0.017907 0.699278
187.000000 4.478161 -0.143813 -0.817761 0.003844 0.713092 -0.017275 0.700847
188.000000 4.508086 -0.145457 -0.817630 0.005966 0.711048 -0.018969 0.702862
189.000000 4.536776 -0.147095 -0.817390 0.007335 0.708414 -0.019602 0.705487
190.000000 4.563883 -0.148664 -0.816775 0.007741 0.705261 -0.019455 0.708638
191.000000 4.592662 -0.150324 -0.815727 0.006477 0.701510 -0.017411 0.712417
192.000000 4.620703 -0.151896 -0.814412 0.007518 0.697212 -0.015331 0.716662
193.000000 4.649213 -0.153362 -0.812890 0.009677 0.692283 -0.014909 0.721407
194.000000 4.677891 -0.154898 -0.810706 0.010303 0.687039 -0.014877 0.726395
195.000000 4.706399 -0.156474 -0.808219 0.011287 0.681657 -0.013717 0.731456
196.000000 4.734183 -0.158055 -0.805480 0.012563 0.676463 -0.013746 0.736241
197.000000 4.762002 -0.159792 -0.802349 0.014705 0.671129 -0.016472 0.741011
198.000000 4.789171 -0.161584 -0.798812 0.016865 0.665860 -0.020807 0.745596
199.000000 4.815376 -0.163527 -0.795187 0.019089 0.660166 -0.023859 0.750498
200.000000 4.839874 -0.165491 -0.791427 0.019009 0.655216 -0.024305 0.754811
201.000000 4.865680 -0.167574 -0.786937 0.016536 0.650602 -0.024334 0.758848
202.000000 4.890248 -0.169501 -0.782595 0.014921 0.646136 -0.024759 0.762675
203.000000 4.915207 -0.171445 -0.777767 0.016429 0.642305 -0.028236 0.765753
204.000000 4.939425 -0.173482 -0.772805 0.018336 0.639218 -0.031674 0.768154
205.000000 4.963098 -0.175487 -0.767811 0.018440 0.637630 -0.033479 0.769394
206.000000 4.986702 -0.177617 -0.763065 0.015941 0.637246 -0.032666 0.769803
207.000000 5.011483 -0.179857 -0.758213 0.014006 0.637684 -0.031668 0.769519
208.000000 5.037383 -0.182010 -0.753169 0.012803 0.638671 -0.030643 0.768763
209.000000 5.062198 -0.184001 -0.748329 0.013287 0.639586 -0.030061 0.768016
210.000000 5.087614 -0.185992 -0.743429 0.013347 0.640884 -0.029838 0.766942
211.000000 5.112390 -0.187960 -0.738603 0.012019 0.642559 -0.030213 0.765546
212.000000 5.136886 -0.189770 -0.733862 0.011740 0.644535 -0.030564 0.763873
213.000000 5.160698 -0.191704 -0.729428 0.010367 0.646661 -0.030577 0.762094
214.000000 5.185213 -0.193620 -0.724979 0.009786 0.649063 -0.029293 0.760107
215.000000 5.208844 -0.195396 -0.720727 0.009364 0.651157 -0.029688 0.758304
216.000000 5.232713 -0.197201 -0.716591 0.009211 0.653181 -0.030675 0.756524
217.000000 5.255893 -0.199023 -0.712441 0.009693 0.654836 -0.031659 0.755045
218.000000 5.278605 -0.200830 -0.708460 0.010120 0.655904 -0.032729 0.754067
219.000000 5.300755 -0.202531 -0.704735 0.011239 0.656593 -0.032310 0.753469
220.000000 5.322953 -0.204207 -0.701024 0.011181 0.656484 -0.031064 0.753618
221.000000 5.344992 -0.205880 -0.697067 0.009867 0.655209 -0.029820 0.754794
222.000000 5.366903 -0.207470 -0.692863 0.009996 0.652816 -0.029671 0.756869
223.000000 5.388336 -0.208946 -0.688707 0.011356 0.648852 -0.028912 0.760280
224.000000 5.410037 -0.210443 -0.684167 0.012389 0.643610 -0.028034 0.764740
225.000000 5.430901 -0.211859 -0.679247 0.011031 0.637842 -0.027660 0.769591
226.000000 5.452931 -0.213323 -0.673664 0.007554 0.631406 -0.027869 0.774914
227.000000 5.474653 -0.214722 -0.667843 0.004449 0.625028 -0.026141 0.780152
228.000000 5.495554 -0.215963 -0.662053 0.001524 0.618477 -0.023762 0.785442
229.000000 5.516497 -0.217082 -0.655841 -0.001292 0.611585 -0.021050 0.790898
230.000000 5.538447 -0.218010 -0.648713 -0.003977 0.604831 -0.019773 0.796098
231.000000 5.559891 -0.218767 -0.641624 -0.005137 0.597294 -0.019707 0.801764
232.000000 5.581236 -0.219417 -0.634283 -0.004983 0.589952 -0.018726 0.807205
233.000000 5.601947 -0.220035 -0.626703 -0.005556 0.582572 -0.018886 0.812540
234.000000 5.622322 -0.220624 -0.618893 -0.007690 0.575080 -0.020111 0.817813
235.000000 5.643242 -0.221196 -0.610541 -0.009926 0.568421 -0.019560 0.822445
236.000000 5.664154 -0.221701 -0.602235 -0.010533 0.562849 -0.017300 0.826312
237.000000 5.684500 -0.222149 -0.593852 -0.010124 0.557867 -0.016090 0.829713
238.000000 5.703618 -0.222591 -0.585592 -0.009465 0.553007 -0.018123 0.832926
239.000000 5.722034 -0.223035 -0.577075 -0.007385 0.548500 -0.020922 0.835856
240.000000 5.738367 -0.223498 -0.569759 -0.002836 0.543936 -0.023290 0.838799
241.000000 5.754602 -0.224089 -0.562645 0.001551 0.539600 -0.022583 0.841617
242.000000 5.770161 -0.224799 -0.555348 0.000935 0.536349 -0.021416 0.843724
243.000000 5.785993 -0.225519 -0.547700 -0.003302 0.533712 -0.019913 0.845425
244.000000 5.802436 -0.226079 -0.539571 -0.009093 0.531549 -0.018209 0.846783
245.000000 5.820168 -0.226528 -0.530776 -0.012534 0.530320 -0.016259 0.847549
246.000000 5.837085 -0.226850 -0.522275 -0.011413 0.529777 -0.014934 0.847929
247.000000 5.853785 -0.227158 -0.513928 -0.009194 0.529113 -0.014153 0.848384
248.000000 5.870447 -0.227447 -0.505653 -0.008417 0.528120 -0.013097 0.849027
249.000000 5.887186 -0.227696 -0.496828 -0.010005 0.527209 -0.012924 0.849578
250.000000 5.904448 -0.227839 -0.487742 -0.011634 0.525901 -0.012191 0.850379
251.000000 5.921710 -0.227952 -0.478612 -0.013441 0.524406 -0.010513 0.851297
252.000000 5.939507 -0.227991 -0.469077 -0.014140 0.522393 -0.009286 0.852537
253.000000 5.957002 -0.227996 -0.459514 -0.014492 0.519605 -0.008084 0.854246
254.000000 5.974427 -0.227937 -0.449909 -0.015341 0.515913 -0.006894 0.856476
255.000000 5.992213 -0.227862 -0.440062 -0.015217 0.511068 -0.005832 0.859386
256.000000 6.009941 -0.227796 -0.429739 -0.014814 0.505643 -0.006885 0.862588
257.000000 6.026853 -0.227789 -0.419559 -0.013631 0.500014 -0.008263 0.865870
258.000000 6.043922 -0.227782 -0.408922 -0.012802 0.494274 -0.009423 0.869161
259.000000 6.060592 -0.227819 -0.398385 -0.012272 0.488614 -0.008922 0.872368
260.000000 6.077460 -0.227818 -0.387542 -0.013312 0.483013 -0.007736 0.875478
261.000000 6.094924 -0.227772 -0.375937 -0.014129 0.477212 -0.007419 0.878643
262.000000 6.112321 -0.227724 -0.363961 -0.014819 0.471369 -0.007336 0.881781
263.000000 6.129546 -0.227634 -0.351927 -0.016722 0.466180 -0.007959 0.884496
264.000000 6.146856 -0.227554 -0.339477 -0.017646 0.462317 -0.009213 0.886491
265.000000 6.165026 -0.227456 -0.326444 -0.018909 0.459959 -0.007940 0.887703
266.000000 6.183415 -0.227322 -0.313390 -0.019556 0.458568 -0.005907 0.888425
267.000000 6.202518 -0.227115 -0.299898 -0.017327 0.458185 -0.004265 0.888678
268.000000 6.221887 -0.227003 -0.286359 -0.016568 0.458170 -0.003794 0.888702
269.000000 6.241288 -0.226827 -0.272826 -0.014644 0.458045 -0.002831 0.888804
270.000000 6.260363 -0.226641 -0.259322 -0.014321 0.457849 -0.001120 0.888914
271.000000 6.279904 -0.226415 -0.245430 -0.015837 0.457471 0.001191 0.889083
272.000000 6.300456 -0.226120 -0.230680 -0.016910 0.457614 0.002276 0.888987
273.000000 6.321202 -0.225846 -0.215888 -0.017848 0.458069 0.003058 0.888732
274.000000 6.341750 -0.225508 -0.201249 -0.018177 0.458403 0.003016 0.888553
275.000000 6.363158 -0.225148 -0.186081 -0.018783 0.458882 0.002740 0.888294
276.000000 6.385300 -0.224782 -0.170524 -0.018505 0.459292 0.002193 0.888090
277.000000 6.406170 -0.224443 -0.155535 -0.016336 0.459600 0.001851 0.887974
278.000000 6.426709 -0.224185 -0.140734 -0.013634 0.459501 0.000428 0.888073
279.000000 6.446899 -0.224049 -0.126247 -0.013238 0.459705 -0.000659 0.887973
280.000000 6.468159 -0.223886 -0.111046 -0.014778 0.460147 -0.000126 0.887720
281.000000 6.488602 -0.223658 -0.096437 -0.016353 0.460477 0.000529 0.887521
282.000000 6.509613 -0.223457 -0.081447 -0.017340 0.461258 -0.000707 0.887096
283.000000 6.529908 -0.223282 -0.067545 -0.018121 0.463038 -0.001432 0.886152
284.000000 6.550239 -0.222987 -0.053426 -0.018406 0.465928 -0.000702 0.884631
285.000000 6.570377 -0.222702 -0.039896 -0.018034 0.469675 -0.000279 0.882655
286.000000 6.590665 -0.222381 -0.026879 -0.016252 0.473981 0.000286 0.880385
287.000000 6.610368 -0.222080 -0.014533 -0.014975 0.478460 -0.000864 0.877981
288.000000 6.628980 -0.221918 -0.002877 -0.015650 0.482947 -0.001142 0.875509
289.000000 6.648539 -0.221647 0.008904 -0.017101 0.487365 0.002671 0.873027
290.000000 6.668707 -0.221241 0.021113 -0.019071 0.490974 0.006300 0.870943
291.000000 6.689208 -0.220712 0.033328 -0.021064 0.493780 0.008020 0.869295
292.000000 6.709721 -0.220120 0.045746 -0.023341 0.495204 0.006551 0.868439
293.000000 6.730574 -0.219539 0.058180 -0.023900 0.495894 0.007251 0.868024
294.000000 6.751928 -0.218884 0.070940 -0.024171 0.496170 0.007748 0.867854
295.000000 6.772313 -0.218176 0.083123 -0.023201 0.495999 0.007312 0.867982
296.000000 6.793146 -0.217476 0.095958 -0.023569 0.495707 0.005767 0.868151
297.000000 6.814418 -0.216820 0.108818 -0.024211 0.495124 0.005761 0.868466
298.000000 6.835978 -0.216060 0.122227 -0.025139 0.494240 0.005825 0.868942
299.000000 6.857101 -0.215332 0.135425 -0.025492 0.493584 0.006664 0.869299
300.000000 6.878791 -0.214552 0.148820 -0.024782 0.492568 0.008038 0.869884
301.000000 6.899880 -0.213725 0.162153 -0.025246 0.491031 0.008456 0.870735
302.000000 6.921401 -0.212799 0.176092 -0.026614 0.488897 0.008024 0.871898
303.000000 6.942885 -0.211825 0.190165 -0.029249 0.486098 0.008222 0.873376
304.000000 6.965338 -0.210632 0.204991 -0.031310 0.483515 0.008778 0.874732
305.000000 6.988331 -0.209387 0.220103 -0.031739 0.481351 0.008258 0.875914
306.000000 7.010955 -0.208176 0.235410 -0.031289 0.478985 0.005396 0.877249
307.000000 7.032894 -0.207032 0.250516 -0.030392 0.476550 0.002462 0.878619
308.000000 7.055007 -0.206001 0.265799 -0.030444 0.474169 0.000629 0.879907
309.000000 7.076743 -0.205072 0.280794 -0.031135 0.471959 0.000116 0.881071
310.000000 7.098869 -0.204086 0.296431 -0.030649 0.469863 -0.000983 0.882207
311.000000 7.119698 -0.203233 0.311070 -0.029540 0.467383 -0.001686 0.883560
312.000000 7.140974 -0.202345 0.326088 -0.029501 0.464760 -0.001770 0.884943
313.000000 7.162876 -0.201444 0.341964 -0.030105 0.462221 -0.001627 0.886252
314.000000 7.185000 -0.200546 0.357928 -0.028769 0.459735 -0.000231 0.887590
315.000000 7.205511 -0.199718 0.372878 -0.027570 0.457391 0.000553 0.888838
316.000000 7.226025 -0.198935 0.388079 -0.026917 0.454916 -0.000215 0.890127
317.000000 7.246135 -0.198181 0.403429 -0.028911 0.452466 -0.001695 0.891311
318.000000 7.267003 -0.197310 0.419581 -0.030109 0.449886 -0.002478 0.892575
319.000000 7.287153 -0.196578 0.435113 -0.027886 0.447651 -0.002309 0.893770
320.000000 7.307140 -0.195881 0.450745 -0.024528 0.445476 -0.003905 0.894949
321.000000 7.324679 -0.195374 0.465087 -0.023746 0.443704 -0.007268 0.895829
322.000000 7.343629 -0.194849 0.480273 -0.026631 0.442083 -0.008561 0.896538
323.000000 7.363488 -0.194260 0.496046 -0.031149 0.440743 -0.005566 0.897076
324.000000 7.383489 -0.193366 0.511957 -0.035386 0.439870 -0.001471 0.897363
325.000000 7.404017 -0.192190 0.528561 -0.039385 0.438939 0.000084 0.897653
326.000000 7.425255 -0.190902 0.545742 -0.040540 0.437565 0.000212 0.898273
327.000000 7.445532 -0.189553 0.562145 -0.038121 0.435817 -0.000775 0.899227
328.000000 7.465261 -0.188261 0.578670 -0.035024 0.433776 -0.002089 0.900337
329.000000 7.484513 -0.187191 0.594803 -0.032799 0.431353 -0.003110 0.901581
330.000000 7.503743 -0.186313 0.611031 -0.031080 0.429173 -0.002943 0.902682
331.000000 7.522291 -0.185431 0.627020 -0.029925 0.426972 -0.003509 0.903763
332.000000 7.540561 -0.184603 0.643006 -0.030376 0.425047 -0.003070 0.904656
333.000000 7.559443 -0.183679 0.659585 -0.032273 0.423048 -0.001238 0.905532
334.000000 7.578343 -0.182692 0.676322 -0.034349 0.421449 0.000687 0.906201
335.000000 7.597266 -0.181577 0.693142 -0.036402 0.420189 0.002570 0.906702
336.000000 7.616409 -0.180281 0.710193 -0.038209 0.419115 0.004313 0.907118
337.000000 7.636063 -0.178843 0.727620 -0.040949 0.418079 0.006274 0.907466
338.000000 7.656142 -0.177250 0.745372 -0.041162 0.416977 0.005995 0.907965
339.000000 7.675733 -0.175729 0.763688 -0.039213 0.416031 -0.000087 0.908504
340.000000 7.694386 -0.174484 0.780607 -0.033142 0.415135 -0.004110 0.909147
341.000000 7.712657 -0.173489 0.797275 -0.029697 0.414347 -0.006444 0.909612
342.000000 7.730825 -0.172669 0.813565 -0.030638 0.414275 -0.005448 0.909619
343.000000 7.749939 -0.171782 0.830687 -0.033332 0.413806 -0.004272 0.909745
344.000000 7.769517 -0.170789 0.848249 -0.033271 0.412723 -0.003384 0.910242
345.000000 7.788547 -0.169780 0.865417 -0.032083 0.411787 -0.002612 0.910711
346.000000 7.807614 -0.168751 0.882583 -0.031481 0.410813 -0.001042 0.911176
347.000000 7.827113 -0.167687 0.900237 -0.033359 0.409568 0.000337 0.911670
348.000000 7.846564 -0.166598 0.918141 -0.034856 0.408598 0.000254 0.912049
349.000000 7.866232 -0.165422 0.936160 -0.034789 0.407422 -0.000527 0.912577
350.000000 7.886011 -0.164273 0.954120 -0.032513 0.406301 -0.000713 0.913160
351.000000 7.904995 -0.163212 0.971508 -0.031501 0.404952 -0.000448 0.913795
352.000000 7.924673 -0.162168 0.989614 -0.031720 0.403476 0.001449 0.914439
353.000000 7.944477 -0.161089 1.008070 -0.032805 0.401227 0.002395 0.915388
354.000000 7.964235 -0.159971 1.026587 -0.033444 0.398825 0.003326 0.916411
355.000000 7.983803 -0.158833 1.045205 -0.032437 0.396265 0.004420 0.917553
356.000000 8.002764 -0.157766 1.063824 -0.031973 0.393785 0.003674 0.918639
357.000000 8.021588 -0.156765 1.082391 -0.031267 0.391077 0.001278 0.919826
358.000000 8.039683 -0.155823 1.100404 -0.029019 0.387820 0.001236 0.921277
359.000000 8.057789 -0.154984 1.118705 -0.027341 0.383953 0.002469 0.922945
360.000000 8.075328 -0.154221 1.136983 -0.026025 0.379466 0.004151 0.924830
361.000000 8.092400 -0.153405 1.155280 -0.025105 0.374125 0.006717 0.927014
362.000000 8.109169 -0.152577 1.173906 -0.024391 0.367432 0.007505 0.929700
363.000000 8.125707 -0.151682 1.193178 -0.025561 0.360132 0.007346 0.932522
364.000000 8.142376 -0.150697 1.212957 -0.027312 0.352835 0.008695 0.935247
365.000000 8.159065 -0.149647 1.233300 -0.029071 0.345959 0.008749 0.937759
366.000000 8.175860 -0.148596 1.254225 -0.029836 0.340007 0.006821 0.939925
367.000000 8.192212 -0.147585 1.275214 -0.029344 0.335024 0.004414 0.941742
368.000000 8.209075 -0.146552 1.297340 -0.028860 0.331298 0.002661 0.943081
369.000000 8.225788 -0.145571 1.319123 -0.029285 0.330089 0.000375 0.943495
370.000000 8.242882 -0.144535 1.340449 -0.028994 0.331195 -0.002696 0.943113
371.000000 8.260578 -0.143579 1.362558 -0.027881 0.334596 -0.005753 0.941932
372.000000 8.277729 -0.142773 1.383328 -0.026107 0.339318 -0.007245 0.940281
373.000000 8.295041 -0.142145 1.403499 -0.024345 0.344719 -0.004890 0.938377
374.000000 8.312220 -0.141486 1.423158 -0.025223 0.349771 -0.003655 0.936489
375.000000 8.329290 -0.140788 1.442515 -0.025970 0.354494 -0.005204 0.934683
376.000000 8.346826 -0.140141 1.461704 -0.026033 0.358810 -0.003805 0.933040
377.000000 8.364363 -0.139519 1.480506 -0.024404 0.362526 -0.002528 0.931650
378.000000 8.382404 -0.138885 1.499526 -0.023410 0.366551 -0.001765 0.930102
379.000000 8.400320 -0.138335 1.518164 -0.022936 0.369377 -0.002929 0.928992
380.000000 8.418159 -0.137763 1.536797 -0.024406 0.371940 -0.003653 0.927929
381.000000 8.435747 -0.137129 1.555266 -0.026948 0.374137 -0.003591 0.926975
382.000000 8.454237 -0.136363 1.574367 -0.029941 0.376214 -0.003076 0.926044
383.000000 8.473374 -0.135479 1.593790 -0.031316 0.377811 -0.001738 0.925351
384.000000 8.492583 -0.134533 1.613652 -0.030782 0.378659 -0.003533 0.925017
385.000000 8.511434 -0.133705 1.633247 -0.028091 0.379260 -0.007689 0.924832
386.000000 8.528750 -0.133151 1.650547 -0.022515 0.378691 -0.010592 0.925189
387.000000 8.545728 -0.132830 1.667699 -0.019186 0.378595 -0.011815 0.925288
388.000000 8.562327 -0.132667 1.684947 -0.019935 0.378886 -0.012069 0.925150
389.000000 8.579500 -0.132418 1.702718 -0.021768 0.378952 -0.011289 0.925091
390.000000 8.596851 -0.132108 1.720557 -0.022518 0.378581 -0.009723 0.925243
391.000000 8.614535 -0.131704 1.738663 -0.022689 0.377901 -0.007707 0.925536
392.000000 8.632406 -0.131273 1.757602 -0.023971 0.376695 -0.006952 0.926001
393.000000 8.650406 -0.130766 1.776489 -0.023916 0.374490 -0.006297 0.926901
394.000000 8.668174 -0.130222 1.795560 -0.023999 0.371888 -0.006254 0.927946
395.000000 8.685912 -0.129668 1.814791 -0.024104 0.369478 -0.006466 0.928904
396.000000 8.703696 -0.129112 1.834452 -0.024889 0.367029 -0.007647 0.929845
397.000000 8.721016 -0.128584 1.853689 -0.023765 0.364297 -0.008104 0.930944
398.000000 8.738695 -0.127985 1.873359 -0.021334 0.361517 -0.006730 0.932097
399.000000 8.755789 -0.127544 1.892807 -0.018743 0.358210 -0.006272 0.933432
400.000000 8.772137 -0.127191 1.911887 -0.017514 0.354485 -0.006110 0.934878
401.000000 8.788711 -0.126829 1.931398 -0.018483 0.349890 -0.006341 0.936587
402.000000 8.805379 -0.126425 1.951618 -0.021573 0.345655 -0.006446 0.938092
403.000000 8.822666 -0.125842 1.972845 -0.025322 0.341426 -0.007098 0.939541
404.000000 8.840291 -0.125106 1.994926 -0.028890 0.337094 -0.007488 0.940998
405.000000 8.858296 -0.124151 2.017871 -0.030540 0.332880 -0.007279 0.942446
406.000000 8.875455 -0.123198 2.040193 -0.028670 0.328405 -0.007934 0.944068
407.000000 8.892125 -0.122385 2.062286 -0.024920 0.324019 -0.008711 0.945682
408.000000 8.908477 -0.121779 2.084255 -0.020743 0.319309 -0.009703 0.947374
409.000000 8.924103 -0.121362 2.105720 -0.016906 0.315085 -0.008434 0.948875
410.000000 8.939021 -0.121113 2.126644 -0.013642 0.310981 -0.006234 0.950298
411.000000 8.953685 -0.120950 2.147676 -0.012918 0.307003 -0.001806 0.951619
412.000000 8.968362 -0.120781 2.169055 -0.014720 0.302344 0.000983 0.953085
413.000000 8.982947 -0.120469 2.190665 -0.017163 0.297889 0.004255 0.954437
414.000000 8.998073 -0.119957 2.213721 -0.018733 0.293696 0.005729 0.955698
415.000000 9.013330 -0.119393 2.237630 -0.019794 0.289631 0.005899 0.956915
416.000000 9.028531 -0.118829 2.262245 -0.020538 0.285071 0.003803 0.958279
417.000000 9.043477 -0.118204 2.286754 -0.022144 0.280952 0.002354 0.959464
418.000000 9.058607 -0.117488 2.312144 -0.022815 0.278139 0.003566 0.960263
419.000000 9.073828 -0.116728 2.338076 -0.022244 0.275414 0.003206 0.961063
420.000000 9.088572 -0.115985 2.363576 -0.019548 0.272840 0.003667 0.961854
421.000000 9.103316 -0.115360 2.389511 -0.017497 0.269784 0.003804 0.962754
422.000000 9.117563 -0.114894 2.414606 -0.017503 0.267127 0.003896 0.963495
423.000000 9.131692 -0.114381 2.439943 -0.020120 0.264329 0.002504 0.964219
424.000000 9.146162 -0.113718 2.466398 -0.022509 0.261948 0.002533 0.964816
425.000000 9.161257 -0.112932 2.494164 -0.021847 0.259182 0.002197 0.965579
426.000000 9.175959 -0.112142 2.522097 -0.020175 0.256711 0.000215 0.966278
427.000000 9.190187 -0.111499 2.549079 -0.017169 0.254128 0.000083 0.967018
428.000000 9.204372 -0.111045 2.575339 -0.016138 0.251277 0.002257 0.967778
429.000000 9.218279 -0.110624 2.601895 -0.015843 0.248798 0.004518 0.968415
430.000000 9.232318 -0.110191 2.628704 -0.015268 0.246043 0.007331 0.969111
431.000000 9.245870 -0.109789 2.655266 -0.014384 0.242777 0.009044 0.969933
432.000000 9.259411 -0.109429 2.681939 -0.013967 0.240015 0.012549 0.970588
433.000000 9.273154 -0.108990 2.709684 -0.015313 0.237024 0.012148 0.971307
434.000000 9.286300 -0.108577 2.737021 -0.015301 0.234924 0.012549 0.971812
435.000000 9.299470 -0.108097 2.764606 -0.014165 0.232051 0.011771 0.972529
436.000000 9.312333 -0.107704 2.791860 -0.014271 0.229235 0.010614 0.973209
437.000000 9.325545 -0.107340 2.819483 -0.013535 0.226555 0.012682 0.973822
438.000000 9.338010 -0.106966 2.846276 -0.014971 0.223266 0.012231 0.974566
439.000000 9.350128 -0.106503 2.873182 -0.013228 0.220955 0.012437 0.975115
440.000000 9.362366 -0.106113 2.900019 -0.013518 0.218133 0.014009 0.975725
441.000000 9.374575 -0.105632 2.927673 -0.015216 0.215654 0.012141 0.976276
442.000000 9.386708 -0.105131 2.955199 -0.017354 0.213388 0.010803 0.976754
443.000000 9.398235 -0.104535 2.981790 -0.017899 0.211149 0.010665 0.977232
444.000000 9.410324 -0.103857 3.008975 -0.020489 0.209435 0.012338 0.977530
445.000000 9.422568 -0.103137 3.037875 -0.020474 0.208002 0.011384 0.977848
446.000000 9.434637 -0.102365 3.066305 -0.017919 0.206959 0.010885 0.978125
447.000000 9.446159 -0.101765 3.093595 -0.013896 0.206657 0.010509 0.978258
448.000000 9.457008 -0.101429 3.119369 -0.014069 0.206785 0.010780 0.978226
449.000000 9.468509 -0.101029 3.146362 -0.015336 0.207044 0.010560 0.978154
450.000000 9.479922 -0.100582 3.172919 -0.017743 0.207604 0.010824 0.977992
451.000000 9.491672 -0.100052 3.200314 -0.018418 0.209055 0.011157 0.977667
452.000000 9.503685 -0.099440 3.227844 -0.018582 0.211377 0.010519 0.977171
453.000000 9.515614 -0.098889 3.254494 -0.016677 0.214069 0.008256 0.976641
454.000000 9.527449 -0.098456 3.280557 -0.015055 0.217516 0.007286 0.975913
455.000000 9.539106 -0.098116 3.305389 -0.014045 0.220777 0.007441 0.975195
456.000000 9.551164 -0.097835 3.330965 -0.014786 0.224548 0.007158 0.974325
457.000000 9.563676 -0.097483 3.356930 -0.014975 0.228340 0.006933 0.973442
458.000000 9.576188 -0.097070 3.382125 -0.017188 0.231614 0.006255 0.972636
459.000000 9.589441 -0.096524 3.408593 -0.020812 0.235405 0.006275 0.971654
460.000000 9.603408 -0.095726 3.436399 -0.024143 0.239375 0.005666 0.970610
461.000000 9.617575 -0.094838 3.463735 -0.022619 0.243335 0.004238 0.969669
462.000000 9.632139 -0.094135 3.490570 -0.019301 0.246477 0.003503 0.968950
463.000000 9.646281 -0.093696 3.516155 -0.016685 0.249446 0.003495 0.968239
464.000000 9.660368 -0.093379 3.541257 -0.016920 0.252554 0.004348 0.967425
465.000000 9.674907 -0.092956 3.567277 -0.018283 0.255146 0.004506 0.966719
466.000000 9.689137 -0.092506 3.592528 -0.019167 0.257604 0.004458 0.966050
467.000000 9.704157 -0.091907 3.618942 -0.019743 0.259801 0.004976 0.965448
468.000000 9.719119 -0.091237 3.645030 -0.020764 0.261789 0.004258 0.964892
469.000000 9.734351 -0.090531 3.671481 -0.021814 0.263812 0.002726 0.964324
470.000000 9.749981 -0.089783 3.698138 -0.022185 0.265389 0.001716 0.963885
471.000000 9.765498 -0.089058 3.724179 -0.022489 0.266814 0.000809 0.963485
472.000000 9.781083 -0.088338 3.750237 -0.022215 0.268448 0.000311 0.963038
473.000000 9.797294 -0.087620 3.776976 -0.022322 0.269795 -0.000255 0.962659
474.000000 9.813317 -0.086916 3.803238 -0.021970 0.271186 0.000783 0.962276
475.000000 9.829443 -0.086215 3.829539 -0.022439 0.272378 0.000737 0.961928
476.000000 9.845955 -0.085456 3.856152 -0.022536 0.273738 0.001148 0.961539
477.000000 9.862414 -0.084693 3.882827 -0.023555 0.274789 0.000293 0.961216
478.000000 9.879313 -0.083875 3.910019 -0.024312 0.276219 0.000005 0.960787
479.000000 9.895873 -0.083050 3.936379 -0.024048 0.277371 -0.000397 0.960462
480.000000 9.912369 -0.082321 3.962605 -0.022647 0.278716 -0.001103 0.960106
481.000000 9.928388 -0.081640 3.987951 -0.022458 0.279430 -0.000455 0.959903
482.000000 9.945043 -0.080894 4.014724 -0.024385 0.279720 0.001985 0.959770
483.000000 9.962255 -0.079904 4.042039 -0.027762 0.279439 0.004895 0.959750
484.000000 9.979822 -0.078669 4.070232 -0.029609 0.279539 0.006819 0.959654
485.000000 9.998085 -0.077353 4.099277 -0.028451 0.279605 0.007589 0.959663
486.000000 10.015941 -0.076151 4.127532 -0.024930 0.279433 0.007880 0.959809
487.000000 10.033163 -0.075230 4.154590 -0.021241 0.279420 0.008033 0.959900
488.000000 10.050250 -0.074394 4.181639 -0.019468 0.279717 0.009314 0.959840
489.000000 10.067402 -0.073609 4.208911 -0.019931 0.280076 0.011250 0.959705
490.000000 10.085023 -0.072801 4.236292 -0.021331 0.280250 0.014511 0.959580
491.000000 10.103224 -0.071734 4.264737 -0.022711 0.280211 0.017295 0.959514
492.000000 10.121292 -0.070614 4.293252 -0.023760 0.280240 0.019201 0.959444
493.000000 10.139332 -0.069413 4.321797 -0.023800 0.279969 0.020345 0.959498
494.000000 10.157642 -0.068128 4.350702 -0.022218 0.279543 0.020567 0.959656
495.000000 10.174861 -0.066987 4.377974 -0.020793 0.279130 0.020630 0.959806
496.000000 10.191876 -0.065894 4.405300 -0.020989 0.278878 0.020643 0.959875
497.000000 10.209592 -0.064749 4.433557 -0.022263 0.278567 0.022153 0.959903
498.000000 10.226774 -0.063622 4.461012 -0.022471 0.278539 0.022764 0.959892
499.000000 10.244079 -0.062393 4.488732 -0.021331 0.278764 0.022808 0.959852
500.000000 10.260548 -0.061331 4.515591 -0.020497 0.278977 0.022760 0.959809
501.000000 10.277369 -0.060268 4.542451 -0.020691 0.278967 0.023376 0.959793
502.000000 10.293957 -0.059211 4.568990 -0.021413 0.278434 0.024436 0.959906
503.000000 10.311114 -0.058077 4.596274 -0.021617 0.277749 0.026048 0.960057
504.000000 10.327912 -0.056874 4.623258 -0.021601 0.277191 0.028162 0.960159
505.000000 10.344659 -0.055654 4.650025 -0.021424 0.276621 0.030848 0.960245
506.000000 10.361172 -0.054429 4.676391 -0.021526 0.275907 0.033822 0.960348
507.000000 10.378173 -0.053148 4.703518 -0.020700 0.275261 0.036920 0.960437
508.000000 10.393975 -0.051949 4.729347 -0.021357 0.274449 0.038652 0.960587
509.000000 10.409922 -0.050676 4.755872 -0.021224 0.273814 0.040310 0.960703
510.000000 10.425079 -0.049465 4.781450 -0.021908 0.273053 0.041400 0.960858
511.000000 10.440244 -0.048223 4.806849 -0.021737 0.272239 0.041980 0.961068
512.000000 10.454857 -0.047016 4.831187 -0.021610 0.271337 0.043000 0.961281
513.000000 10.469670 -0.045770 4.856106 -0.021542 0.270445 0.044098 0.961484
514.000000 10.484139 -0.044530 4.880905 -0.022530 0.269675 0.044796 0.961645
515.000000 10.498675 -0.043121 4.905549 -0.024753 0.269024 0.044466 0.961788
516.000000 10.513489 -0.041580 4.930564 -0.028083 0.268689 0.043455 0.961836
517.000000 10.528413 -0.039830 4.955731 -0.031304 0.268293 0.041595 0.961930
518.000000 10.543602 -0.037939 4.981448 -0.032925 0.268068 0.039485 0.962027
519.000000 10.558264 -0.036103 5.006274 -0.034036 0.267954 0.037534 0.962099
520.000000 10.572406 -0.034348 5.030509 -0.034497 0.267984 0.035320 0.962158
521.000000 10.586728 -0.032593 5.054529 -0.034260 0.268162 0.034093 0.962161
522.000000 10.600536 -0.030895 5.078308 -0.033149 0.268300 0.033722 0.962174
523.000000 10.614378 -0.029286 5.101613 -0.032011 0.268512 0.034049 0.962142
524.000000 10.628034 -0.027728 5.124726 -0.031685 0.268658 0.034475 0.962097
525.000000 10.641697 -0.026183 5.147582 -0.031342 0.268674 0.034186 0.962114
526.000000 10.655005 -0.024640 5.169692 -0.031107 0.269276 0.033984 0.961960
527.000000 10.667913 -0.023183 5.190983 -0.031294 0.270768 0.033879 0.961539
528.000000 10.681122 -0.021567 5.212627 -0.032285 0.273029 0.032447 0.960916
529.000000 10.694401 -0.020003 5.233652 -0.032817 0.276125 0.032541 0.960010
530.000000 10.707709 -0.018414 5.254744 -0.032437 0.278938 0.031555 0.959242
531.000000 10.720687 -0.017034 5.274638 -0.030026 0.282299 0.029958 0.958388
532.000000 10.732720 -0.015868 5.293090 -0.027989 0.285976 0.027705 0.957427
533.000000 10.744810 -0.014737 5.311242 -0.026868 0.290635 0.027086 0.956073
534.000000 10.757444 -0.013551 5.329547 -0.028070 0.296258 0.027167 0.954309
535.000000 10.770067 -0.012345 5.348127 -0.032001 0.302284 0.027172 0.952293
536.000000 10.783680 -0.010850 5.367118 -0.034462 0.307288 0.028262 0.950572
537.000000 10.797701 -0.009273 5.386139 -0.036380 0.312512 0.029417 0.948761
538.000000 10.811899 -0.007617 5.404547 -0.037029 0.317477 0.030282 0.947059
539.000000 10.825880 -0.005972 5.422411 -0.035874 0.322212 0.031393 0.945467
540.000000 10.839522 -0.004436 5.439479 -0.033018 0.326304 0.032783 0.944119
541.000000 10.852538 -0.003111 5.455739 -0.030034 0.329668 0.034612 0.942984
542.000000 10.865368 -0.001840 5.471406 -0.028406 0.332392 0.037409 0.941971
543.000000 10.878037 -0.000603 5.486753 -0.029787 0.334674 0.040947 0.940973
544.000000 10.890920 0.000743 5.502458 -0.036657 0.336448 0.044327 0.939944
545.000000 10.904132 0.002331 5.518344 -0.044549 0.337730 0.046560 0.939035
546.000000 10.919064 0.004561 5.536451 -0.051343 0.339513 0.048286 0.937957
547.000000 10.935136 0.007287 5.555729 -0.052076 0.341708 0.049820 0.937039
548.000000 10.951068 0.010115 5.574971 -0.051560 0.344078 0.049232 0.936231
549.000000 10.967293 0.012960 5.594181 -0.050948 0.346688 0.049355 0.935294
550.000000 10.984083 0.015820 5.613640 -0.052391 0.348618 0.051973 0.934355
551.000000 11.001324 0.018851 5.633277 -0.054675 0.350516 0.053962 0.933401
552.000000 11.019108 0.022047 5.653270 -0.055799 0.352759 0.056304 0.932351
553.000000 11.036852 0.025224 5.673154 -0.055811 0.354772 0.058217 0.931468
554.000000 11.054668 0.028469 5.693219 -0.054848 0.357331 0.058596 0.930523
555.000000 11.072184 0.031679 5.712998 -0.054486 0.359929 0.058532 0.929546
556.000000 11.090234 0.034980 5.733095 -0.054864 0.362579 0.058021 0.928526
557.000000 11.108162 0.038288 5.752638 -0.055286 0.366001 0.057471 0.927191
558.000000 11.126019 0.041511 5.771419 -0.054931 0.369988 0.057903 0.925602
559.000000 11.144560 0.044871 5.790285 -0.054463 0.374303 0.058519 0.923854
560.000000 11.162930 0.048195 5.808736 -0.054421 0.378656 0.058812 0.922062
561.000000 11.181663 0.051652 5.827382 -0.055110 0.383003 0.058933 0.920216
562.000000 11.201736 0.055229 5.846772 -0.053535 0.387548 0.059488 0.918369
563.000000 11.221654 0.058693 5.866204 -0.051023 0.392563 0.058509 0.916443
564.000000 11.240616 0.061848 5.884325 -0.047901 0.398078 0.053941 0.914510
565.000000 11.259202 0.064654 5.901780 -0.046153 0.404785 0.048825 0.911940
566.000000 11.278596 0.067368 5.919131 -0.044263 0.412549 0.046239 0.908684
567.000000 11.299280 0.070153 5.936387 -0.042217 0.421349 0.046156 0.904739
568.000000 11.319394 0.072751 5.952352 -0.040068 0.430711 0.045339 0.900459
569.000000 11.340371 0.075324 5.968006 -0.036948 0.440549 0.044428 0.895867
570.000000 11.360251 0.077632 5.981995 -0.033171 0.449790 0.044341 0.891416
571.000000 11.379463 0.079681 5.994711 -0.029599 0.458437 0.046117 0.887036
572.000000 11.398151 0.081586 6.006601 -0.028344 0.466013 0.047723 0.883035
573.000000 11.417574 0.083556 6.018756 -0.029406 0.473017 0.049991 0.879142
574.000000 11.437181 0.085652 6.030994 -0.033015 0.478504 0.051573 0.875947
575.000000 11.457933 0.088001 6.043849 -0.035371 0.483448 0.055321 0.872907
576.000000 11.479260 0.090478 6.056761 -0.036970 0.486994 0.057208 0.870745
577.000000 11.501521 0.093102 6.069787 -0.037684 0.489653 0.057159 0.869225
578.000000 11.523566 0.095739 6.082861 -0.039074 0.492068 0.056577 0.867837
579.000000 11.546765 0.098627 6.096533 -0.040308 0.494583 0.058104 0.866249
580.000000 11.571237 0.101682 6.110956 -0.042070 0.496496 0.056356 0.865186
581.000000 11.595862 0.104583 6.126157 -0.040084 0.498859 0.048023 0.864423
582.000000 11.616613 0.106951 6.138364 -0.032271 0.500535 0.041651 0.864111
583.000000 11.639006 0.109051 6.150452 -0.025019 0.501465 0.039111 0.863931
584.000000 11.660991 0.110653 6.163243 -0.026627 0.502430 0.036654 0.863430
585.000000 11.684305 0.112574 6.176991 -0.032840 0.501415 0.035729 0.863845
586.000000 11.708298 0.114498 6.191420 -0.035269 0.500316 0.035931 0.864378
587.000000 11.733018 0.116661 6.206482 -0.028471 0.499308 0.029444 0.865456
588.000000 11.751134 0.117952 6.217862 -0.020480 0.498441 0.022694 0.866385
589.000000 11.772056 0.118837 6.230980 -0.013097 0.496036 0.016505 0.868047
590.000000 11.791332 0.119357 6.242946 -0.014702 0.493908 0.015516 0.869251
591.000000 11.811782 0.120072 6.255755 -0.020298 0.492108 0.017186 0.870128
592.000000 11.832885 0.120810 6.268866 -0.023446 0.490582 0.018383 0.870885
593.000000 11.854974 0.121807 6.282521 -0.020342 0.489475 0.019119 0.871570
594.000000 11.875776 0.122579 6.295702 -0.015002 0.488020 0.017833 0.872522
595.000000 11.894932 0.123085 6.307885 -0.011343 0.486729 0.017393 0.873306
596.000000 11.913898 0.123446 6.320113 -0.009877 0.485649 0.017829 0.873916
597.000000 11.933873 0.123717 6.332836 -0.006903 0.485458 0.018339 0.874040
598.000000 11.952345 0.123853 6.344634 -0.004267 0.485595 0.016703 0.874014
599.000000 11.970175 0.123882 6.356014 -0.002750 0.485799 0.014713 0.873942
600.000000 11.987620 0.123853 6.367227 -0.002446 0.486334 0.011578 0.873693
601.000000 12.005277 0.123698 6.378176 -0.002498 0.488709 0.009099 0.872396
602.000000 12.022741 0.123505 6.388774 -0.002751 0.493993 0.007229 0.869432
603.000000 12.040440 0.123282 6.398828 -0.002413 0.500891 0.005962 0.865486
604.000000 12.057913 0.122998 6.408016 -0.001100 0.508409 0.007006 0.861086
605.000000 12.075861 0.122742 6.417140 -0.000099 0.515702 0.009315 0.856717
606.000000 12.093389 0.122415 6.425774 0.000992 0.522798 0.010523 0.852391
607.000000 12.110451 0.122102 6.433605 0.002360 0.529422 0.011687 0.848275
608.000000 12.126980 0.121778 6.441064 0.002810 0.536445 0.012300 0.843841
609.000000 12.143097 0.121539 6.447911 0.001886 0.543500 0.011849 0.839323
610.000000 12.159251 0.121340 6.454353 0.000710 0.550958 0.011602 0.834452
611.000000 12.175127 0.121068 6.460106 0.001796 0.558032 0.012765 0.829719
612.000000 12.190843 0.120745 6.465602 0.005035 0.564495 0.013012 0.825319
613.000000 12.204859 0.120398 6.470281 0.010986 0.570880 0.013342 0.820852
614.000000 12.216926 0.120095 6.474117 0.016768 0.576741 0.012473 0.816660
615.000000 12.228189 0.119627 6.477715 0.020196 0.581700 0.010542 0.813084
616.000000 12.237804 0.119147 6.480728 0.021606 0.585615 0.007579 0.810266
617.000000 12.247107 0.118652 6.483373 0.023406 0.589136 0.007243 0.807663
618.000000 12.255850 0.118204 6.485766 0.025030 0.592097 0.008526 0.805433
619.000000 12.264460 0.117726 6.487992 0.027122 0.594294 0.012114 0.803699
620.000000 12.272558 0.117267 6.490042 0.028499 0.596027 0.015886 0.802301
621.000000 12.279934 0.116819 6.492233 0.027212 0.597883 0.015954 0.800963
622.000000 12.286714 0.116398 6.494480 0.024715 0.599725 0.013677 0.799707
623.000000 12.292909 0.116023 6.496579 0.021999 0.601069 0.011423 0.798813
624.000000 12.298640 0.115714 6.498211 0.020689 0.601989 0.011019 0.798160
625.000000 12.303876 0.115448 6.499495 0.021787 0.602570 0.011450 0.797686
626.000000 12.308769 0.115221 6.500546 0.023764 0.602956 0.012619 0.797321
627.000000 12.313171 0.115002 6.501466 0.025577 0.602923 0.013869 0.797269
628.000000 12.316957 0.114697 6.502485 0.026914 0.602528 0.013554 0.797529
629.000000 12.320930 0.114323 6.503850 0.027065 0.601940 0.012137 0.797990
630.000000 12.325119 0.114054 6.505021 0.027581 0.600646 0.013240 0.798929
631.000000 12.329479 0.113801 6.505860 0.028036 0.598658 0.018086 0.800309
632.000000 12.333983 0.113571 6.507063 0.028525 0.596489 0.021159 0.801835
633.000000 12.337819 0.113347 6.508264 0.029679 0.594823 0.021511 0.803020
634.000000 12.341796 0.113067 6.509806 0.029437 0.593354 0.019682 0.804163
635.000000 12.345857 0.112772 6.511413 0.029003 0.591598 0.017718 0.805516
636.000000 12.349895 0.112482 6.512979 0.028954 0.589558 0.016065 0.807047
637.000000 12.353988 0.112259 6.514470 0.029057 0.587203 0.015708 0.808766
638.000000 12.358301 0.112020 6.516038 0.028982 0.584719 0.015759 0.810565
639.000000 12.363591 0.111646 6.518255 0.026331 0.581902 0.014165 0.812709
640.000000 12.369101 0.111243 6.520794 0.023151 0.578038 0.011871 0.815595
641.000000 12.375203 0.110855 6.523384 0.020655 0.574236 0.010095 0.818367
642.000000 12.381597 0.110572 6.525638 0.021055 0.569965 0.011757 0.821315
643.000000 12.388621 0.110332 6.528078 0.022528 0.564985 0.014791 0.824661
644.000000 12.395362 0.110107 6.530688 0.023398 0.559731 0.016631 0.828177
645.000000 12.401858 0.109884 6.533425 0.024484 0.553053 0.017980 0.832592
646.000000 12.408247 0.109622 6.536384 0.025774 0.545921 0.018824 0.837229
647.000000 12.415493 0.109286 6.539964 0.025867 0.538111 0.019542 0.842250
648.000000 12.422453 0.108930 6.543665 0.026150 0.529033 0.019470 0.847975
649.000000 12.429304 0.108562 6.547570 0.026656 0.519892 0.018931 0.853606
650.000000 12.437045 0.108139 6.552245 0.027486 0.510067 0.017497 0.859517
651.000000 12.444174 0.107672 6.557198 0.027400 0.499969 0.013505 0.865504
652.000000 12.451063 0.107203 6.562131 0.027961 0.489942 0.010874 0.871238
653.000000 12.458460 0.106676 6.567848 0.027749 0.478354 0.009676 0.877675
654.000000 12.466680 0.106151 6.574014 0.028630 0.466956 0.011289 0.883745
655.000000 12.474984 0.105586 6.580688 0.029174 0.455257 0.012329 0.889797
656.000000 12.483332 0.104965 6.587907 0.029190 0.443193 0.012132 0.895869
657.000000 12.491761 0.104302 6.595411 0.029335 0.430649 0.011672 0.901967
658.000000 12.500527 0.103568 6.603592 0.029244 0.418145 0.010802 0.907845
659.000000 12.509424 0.102807 6.612213 0.029927 0.405772 0.010664 0.913422
660.000000 12.518378 0.102006 6.621308 0.030268 0.393960 0.010722 0.918567
661.000000 12.527494 0.101177 6.630949 0.030487 0.383247 0.011072 0.923076
662.000000 12.536959 0.100289 6.641413 0.030569 0.373120 0.011037 0.927214
663.000000 12.546700 0.099357 6.652506 0.030844 0.363590 0.011046 0.930983
664.000000 12.556098 0.098400 6.663758 0.031126 0.354205 0.010605 0.934589
665.000000 12.566012 0.097371 6.676088 0.031768 0.345334 0.011461 0.937872
666.000000 12.575754 0.096333 6.688667 0.032373 0.336319 0.012701 0.941106
667.000000 12.585443 0.095232 6.701718 0.033447 0.327133 0.014017 0.944282
668.000000 12.595224 0.094063 6.715217 0.034493 0.317895 0.015329 0.947374
669.000000 12.604933 0.092794 6.729262 0.034877 0.309204 0.015069 0.950236
670.000000 12.614294 0.091529 6.743437 0.035313 0.301428 0.014030 0.952731
671.000000 12.623400 0.090223 6.757612 0.035272 0.294400 0.013082 0.954941
672.000000 12.632878 0.088866 6.772514 0.034527 0.287809 0.012755 0.956980
673.000000 12.642868 0.087487 6.788532 0.033629 0.281935 0.012672 0.958760
674.000000 12.652737 0.086095 6.804561 0.032282 0.277187 0.012711 0.960189
675.000000 12.662723 0.084692 6.821335 0.031351 0.273579 0.012449 0.961258
676.000000 12.672786 0.083270 6.838637 0.031115 0.270873 0.012024 0.962037
677.000000 12.682724 0.081847 6.856016 0.030792 0.268804 0.011528 0.962634
678.000000 12.693108 0.080363 6.874064 0.030619 0.267141 0.011172 0.963106
679.000000 12.703985 0.078772 6.893016 0.030927 0.265672 0.011013 0.963504
680.000000 12.715248 0.077160 6.912407 0.031391 0.264015 0.011767 0.963936
681.000000 12.726492 0.075526 6.931889 0.032272 0.262429 0.012376 0.964332
682.000000 12.737762 0.073820 6.951567 0.033017 0.260946 0.012809 0.964704
683.000000 12.749275 0.072043 6.972017 0.033674 0.259486 0.012964 0.965073
684.000000 12.760817 0.070205 6.992763 0.034691 0.258209 0.013487 0.965372
685.000000 12.772189 0.068397 7.013183 0.035531 0.256901 0.014879 0.965670
686.000000 12.783963 0.066490 7.034457 0.036180 0.255883 0.015956 0.965899
687.000000 12.795933 0.064509 7.056384 0.036722 0.254696 0.016894 0.966176
688.000000 12.807649 0.062392 7.078201 0.037624 0.253750 0.015901 0.966407
689.000000 12.819394 0.060251 7.100055 0.039042 0.253276 0.015841 0.966476
690.000000 12.830941 0.058103 7.121543 0.040167 0.253046 0.015453 0.966496
691.000000 12.842803 0.055916 7.143763 0.039066 0.252653 0.014795 0.966655
692.000000 12.854860 0.053751 7.166003 0.037635 0.252311 0.015416 0.966791
693.000000 12.867343 0.051553 7.189513 0.036417 0.251959 0.015752 0.966924
694.000000 12.879618 0.049331 7.212702 0.036934 0.251861 0.016577 0.966916
695.000000 12.891969 0.047079 7.235882 0.037419 0.251428 0.017387 0.966996
696.000000 12.904659 0.044801 7.259740 0.037768 0.251168 0.018356 0.967032
697.000000 12.917603 0.042478 7.283944 0.037590 0.250594 0.019125 0.967173
698.000000 12.930694 0.040130 7.308672 0.037596 0.250218 0.019939 0.967254
699.000000 12.944273 0.037725 7.334516 0.037369 0.249757 0.020091 0.967379
700.000000 12.957644 0.035279 7.360222 0.037397 0.249543 0.019609 0.967443
701.000000 12.970772 0.032777 7.385667 0.037488 0.249342 0.018841 0.967506
702.000000 12.984672 0.030234 7.412441 0.036932 0.249107 0.018346 0.967598
703.000000 12.998403 0.027773 7.438634 0.036064 0.249251 0.018339 0.967593
704.000000 13.012328 0.025304 7.465625 0.034945 0.249694 0.015749 0.967566
705.000000 13.026204 0.022851 7.492067 0.035162 0.250760 0.014107 0.967308
706.000000 13.040099 0.020348 7.518193 0.035802 0.252592 0.012042 0.966835
707.000000 13.054917 0.017706 7.545023 0.035826 0.255522 0.009282 0.966095
708.000000 13.069413 0.015105 7.571242 0.035871 0.259984 0.006350 0.964925
709.000000 13.084995 0.012381 7.598673 0.035733 0.265998 0.003628 0.963304
710.000000 13.100527 0.009688 7.625458 0.034995 0.273177 0.002060 0.961325
711.000000 13.116102 0.007059 7.651334 0.033570 0.280957 0.001802 0.959131
712.000000 13.132552 0.004535 7.677806 0.031306 0.289037 0.001155 0.956805
713.000000 13.150243 0.001893 7.704970 0.030592 0.297475 0.000656 0.954239
714.000000 13.168691 -0.000753 7.731865 0.031407 0.306157 0.000067 0.951463
715.000000 13.186880 -0.003368 7.757214 0.032530 0.314928 -0.001251 0.948557
716.000000 13.206101 -0.006030 7.782543 0.032769 0.323871 -0.001332 0.945533
717.000000 13.225676 -0.008607 7.807255 0.031339 0.333721 -0.000899 0.942150
718.000000 13.247652 -0.011342 7.833860 0.030719 0.344340 0.000206 0.938342
719.000000 13.269850 -0.014111 7.859684 0.031914 0.355865 -0.000773 0.933992
720.000000 13.292453 -0.016994 7.884904 0.034102 0.367958 -0.003059 0.929212
721.000000 13.316759 -0.020101 7.910374 0.035443 0.380276 -0.004405 0.924183
722.000000 13.342087 -0.023257 7.935503 0.035827 0.393453 -0.008169 0.918610
723.000000 13.367743 -0.026552 7.958955 0.037483 0.406969 -0.007298 0.912643
724.000000 13.393941 -0.029767 7.981753 0.037432 0.420182 -0.009332 0.906620
725.000000 13.419908 -0.033072 8.002792 0.039169 0.432565 -0.008449 0.900712
726.000000 13.446456 -0.036401 8.023063 0.041825 0.444752 -0.008332 0.894638
727.000000 13.472162 -0.039721 8.041583 0.044151 0.455477 -0.007158 0.889123
728.000000 13.498884 -0.043134 8.059717 0.044966 0.465767 -0.005953 0.883744
729.000000 13.526863 -0.046597 8.077790 0.045318 0.475219 -0.005085 0.878685
730.000000 13.555117 -0.050078 8.095602 0.045876 0.484582 -0.005734 0.873523
731.000000 13.583116 -0.053490 8.112284 0.047065 0.493467 -0.005995 0.868469
732.000000 13.610933 -0.056870 8.128060 0.047539 0.501976 -0.005066 0.863559
733.000000 13.639074 -0.060203 8.143723 0.047036 0.509274 -0.002199 0.859315
734.000000 13.668243 -0.063569 8.159237 0.047301 0.514328 0.000290 0.856288
735.000000 13.698290 -0.066981 8.174918 0.050030 0.517805 0.002419 0.854031
736.000000 13.727742 -0.070338 8.190123 0.052051 0.520064 0.003095 0.852534
737.000000 13.756506 -0.073632 8.205367 0.051992 0.521878 0.002753 0.851430
738.000000 13.785605 -0.077059 8.220540 0.051546 0.523247 0.002195 0.850618
739.000000 13.814906 -0.080452 8.235803 0.052088 0.524617 0.001560 0.849742
740.000000 13.843345 -0.083731 8.250022 0.053698 0.525785 0.001295 0.848920
741.000000 13.872485 -0.087228 8.264831 0.055050 0.527143 0.001668 0.847990
742.000000 13.902296 -0.090914 8.279761 0.054937 0.528429 0.002271 0.847195
743.000000 13.931108 -0.094311 8.294162 0.053411 0.529475 0.003357 0.846636
744.000000 13.962325 -0.097821 8.309592 0.051515 0.530285 0.004152 0.846243
745.000000 13.993553 -0.101405 8.325180 0.051619 0.530781 0.003135 0.845930
746.000000 14.024665 -0.105000 8.340651 0.053213 0.530965 0.002045 0.845719
747.000000 14.055867 -0.108653 8.356035 0.054673 0.530866 0.001556 0.845689
748.000000 14.086547 -0.112282 8.370935 0.054641 0.530670 0.002175 0.845813
749.000000 14.118407 -0.116104 8.386736 0.054242 0.530587 0.001712 0.845892
750.000000 14.149454 -0.119832 8.402291 0.053570 0.530725 0.000741 0.845849
751.000000 14.180129 -0.123565 8.417549 0.053603 0.530901 -0.000118 0.845737
752.000000 14.211266 -0.127264 8.432855 0.052369 0.531515 0.000409 0.845428
753.000000 14.242790 -0.130991 8.448402 0.052233 0.532448 0.000340 0.844850
754.000000 14.274024 -0.134687 8.463483 0.052519 0.533018 0.000880 0.844472
755.000000 14.305675 -0.138462 8.478776 0.052955 0.533728 0.000954 0.843996
756.000000 14.337314 -0.142212 8.494116 0.052016 0.534707 0.001019 0.843435
757.000000 14.370114 -0.146071 8.509805 0.052136 0.535843 0.001757 0.842704
758.000000 14.402598 -0.149839 8.525358 0.050937 0.537027 0.001510 0.842024
759.000000 14.436002 -0.153679 8.541214 0.050405 0.538219 0.002234 0.841293
760.000000 14.470510 -0.157576 8.557642 0.049902 0.539558 0.002023 0.840466
761.000000 14.504267 -0.161383 8.573335 0.050238 0.540624 0.002258 0.839760
762.000000 14.537889 -0.165201 8.589064 0.050493 0.541599 0.002841 0.839114
763.000000 14.572696 -0.169114 8.605215 0.050437 0.542664 0.003353 0.838427
764.000000 14.606344 -0.172842 8.620718 0.050962 0.543764 0.003192 0.837683
765.000000 14.640665 -0.176722 8.636308 0.051047 0.544707 0.003412 0.837065
766.000000 14.675099 -0.180573 8.651923 0.050604 0.545715 0.003467 0.836435
767.000000 14.709535 -0.184379 8.667578 0.050042 0.546948 0.003351 0.835663
768.000000 14.744674 -0.188211 8.683302 0.050008 0.548281 0.003726 0.834789
769.000000 14.779404 -0.192004 8.698580 0.049555 0.549515 0.003775 0.834004
770.000000 14.815176 -0.195891 8.714236 0.049967 0.550650 0.004163 0.833229
771.000000 14.850658 -0.199773 8.729985 0.050284 0.551599 0.004520 0.832580
772.000000 14.886879 -0.203645 8.745891 0.050770 0.552311 0.005083 0.832075
773.000000 14.923342 -0.207591 8.761841 0.050910 0.552947 0.005568 0.831641
774.000000 14.960247 -0.211546 8.777959 0.050927 0.553416 0.005992 0.831325
775.000000 14.997954 -0.215532 8.794182 0.050916 0.553743 0.006429 0.831105
776.000000 15.034808 -0.219463 8.809922 0.051543 0.553951 0.006958 0.830923
777.000000 15.072047 -0.223375 8.825807 0.051886 0.554138 0.007760 0.830770
778.000000 15.109080 -0.227247 8.841648 0.051112 0.554303 0.008525 0.830700
779.000000 15.145944 -0.231122 8.857587 0.051087 0.554564 0.008341 0.830530
780.000000 15.183978 -0.235127 8.873818 0.050736 0.554697 0.008629 0.830460
781.000000 15.222991 -0.239112 8.890406 0.049710 0.554789 0.009073 0.830455
782.000000 15.262142 -0.243077 8.906980 0.049088 0.554861 0.010253 0.830431
783.000000 15.300295 -0.246910 8.923135 0.049353 0.554799 0.010713 0.830450
784.000000 15.338512 -0.250785 8.939484 0.050002 0.554664 0.010435 0.830505
785.000000 15.377430 -0.254747 8.956062 0.050050 0.554482 0.010452 0.830624
786.000000 15.416297 -0.258700 8.972756 0.049828 0.554306 0.010543 0.830753
787.000000 15.456046 -0.262663 8.989714 0.049880 0.553941 0.011335 0.830983
788.000000 15.496212 -0.266706 9.007154 0.049991 0.553416 0.011075 0.831330
789.000000 15.535793 -0.270713 9.024456 0.050782 0.552891 0.010765 0.831635
790.000000 15.574919 -0.274698 9.041509 0.051648 0.552135 0.011734 0.832071
791.000000 15.613879 -0.278671 9.058699 0.051753 0.551094 0.012485 0.832743
792.000000 15.652681 -0.282576 9.075628 0.051758 0.549809 0.014291 0.833563
793.000000 15.691641 -0.286491 9.092766 0.051487 0.548779 0.014864 0.834248
794.000000 15.730213 -0.290330 9.109918 0.051084 0.548096 0.014606 0.834726
795.000000 15.768923 -0.294166 9.127092 0.051100 0.547558 0.015322 0.835065
796.000000 15.808085 -0.298002 9.144323 0.050908 0.546614 0.014585 0.835709
797.000000 15.846230 -0.301770 9.161357 0.050974 0.545890 0.014689 0.836176
798.000000 15.884651 -0.305632 9.178976 0.050594 0.545257 0.014376 0.836617
799.000000 15.923437 -0.309510 9.196960 0.050234 0.544768 0.013529 0.836972
800.000000 15.962678 -0.313462 9.215213 0.049446 0.544280 0.013249 0.837340
801.000000 16.002246 -0.317256 9.233295 0.049214 0.543742 0.014402 0.837684
802.000000 16.040924 -0.320963 9.251084 0.048956 0.542997 0.015620 0.838161
803.000000 16.080840 -0.324571 9.269256 0.050416 0.542477 0.018718 0.838347
804.000000 16.121710 -0.328429 9.288288 0.051943 0.542108 0.019130 0.838483
805.000000 16.159978 -0.332164 9.306080 0.052774 0.541963 0.017835 0.838554
806.000000 16.198766 -0.336070 9.324299 0.052256 0.541789 0.016773 0.838721
807.000000 16.237755 -0.339961 9.342636 0.050894 0.541220 0.016233 0.839183
808.000000 16.276833 -0.343795 9.360843 0.050459 0.540561 0.016041 0.839637
809.000000 16.316158 -0.347667 9.379476 0.049996 0.539970 0.015337 0.840058
810.000000 16.354788 -0.351486 9.397805 0.049511 0.539371 0.014410 0.840488
811.000000 16.393572 -0.355280 9.416207 0.049213 0.538931 0.014762 0.840782
812.000000 16.432841 -0.359079 9.434957 0.048129 0.538761 0.014488 0.840958
813.000000 16.472380 -0.362851 9.453816 0.048773 0.538868 0.015102 0.840841
814.000000 16.510671 -0.366533 9.472158 0.049213 0.538702 0.015496 0.840915
815.000000 16.549964 -0.370297 9.491081 0.049340 0.538368 0.016601 0.841101
816.000000 16.589949 -0.374093 9.510357 0.048707 0.537794 0.017220 0.841492
817.000000 16.628846 -0.377761 9.528978 0.049490 0.537052 0.017180 0.841921
818.000000 16.666587 -0.381402 9.547044 0.050612 0.536154 0.015329 0.842462
819.000000 16.704368 -0.385227 9.565460 0.049168 0.535677 0.014289 0.842869
820.000000 16.741634 -0.388998 9.583958 0.047431 0.534978 0.012904 0.843435
821.000000 16.778401 -0.392549 9.602022 0.046442 0.534508 0.013148 0.843784
822.000000 16.815885 -0.396075 9.620449 0.045905 0.534391 0.014285 0.843869
823.000000 16.853885 -0.399566 9.639086 0.046020 0.534244 0.015347 0.843937
824.000000 16.892077 -0.403084 9.657679 0.046215 0.534026 0.015087 0.844069
825.000000 16.929656 -0.406563 9.676015 0.046625 0.534135 0.014793 0.843983
826.000000 16.968002 -0.410179 9.694791 0.045972 0.534350 0.014476 0.843888
827.000000 17.005114 -0.413663 9.712998 0.045495 0.534394 0.014069 0.843893
828.000000 17.042546 -0.417152 9.731280 0.045266 0.534293 0.013600 0.843977
829.000000 17.078910 -0.420518 9.749138 0.044676 0.534472 0.013657 0.843894
830.000000 17.114407 -0.423719 9.766444 0.043201 0.534758 0.013832 0.843787
831.000000 17.150894 -0.426921 9.784085 0.041955 0.534866 0.014338 0.843773
832.000000 17.187535 -0.430096 9.801808 0.042656 0.534726 0.014028 0.843832
833.000000 17.221652 -0.433111 9.818370 0.045462 0.534621 0.013507 0.843760
834.000000 17.255962 -0.436281 9.835165 0.045625 0.534453 0.012919 0.843867
835.000000 17.288504 -0.439338 9.850958 0.044979 0.533920 0.013795 0.844225
836.000000 17.320877 -0.442289 9.866876 0.044068 0.532946 0.014195 0.844882
837.000000 17.352894 -0.445209 9.882632 0.043871 0.531964 0.013847 0.845517
838.000000 17.383519 -0.448002 9.897967 0.043251 0.530779 0.013692 0.846295
839.000000 17.412780 -0.450592 9.912644 0.042717 0.529507 0.014831 0.847100
840.000000 17.441515 -0.453102 9.927328 0.041319 0.528609 0.015735 0.847713
841.000000 17.469675 -0.455562 9.941817 0.040396 0.527993 0.015325 0.848149
842.000000 17.495981 -0.457875 9.955426 0.041239 0.527785 0.015179 0.848240
843.000000 17.521311 -0.460098 9.968407 0.042337 0.527404 0.014790 0.848431
844.000000 17.545319 -0.462295 9.980656 0.042648 0.527076 0.014455 0.848624
845.000000 17.568330 -0.464466 9.992682 0.042037 0.527101 0.013127 0.848661
846.000000 17.590139 -0.466552 10.004158 0.041060 0.528477 0.011336 0.847878
847.000000 17.610339 -0.468431 10.014461 0.040109 0.532171 0.009322 0.845635
848.000000 17.629963 -0.470194 10.023908 0.039058 0.538926 0.007275 0.841415
849.000000 17.649580 -0.471864 10.032753 0.038045 0.548896 0.005142 0.835008
850.000000 17.668221 -0.473445 10.040160 0.038178 0.560635 0.004001 0.827173
851.000000 17.686171 -0.474935 10.046458 0.039190 0.574230 0.003607 0.817747
852.000000 17.704097 -0.476464 10.051719 0.040716 0.589263 0.004681 0.806901
853.000000 17.721259 -0.477810 10.055974 0.040037 0.606770 0.004752 0.793854
854.000000 17.739130 -0.479162 10.059439 0.039019 0.626220 0.005284 0.778651
855.000000 17.756722 -0.480377 10.061769 0.037756 0.645986 0.006278 0.762389
856.000000 17.775527 -0.481543 10.063154 0.036230 0.666353 0.007276 0.744720
857.000000 17.794050 -0.482647 10.063469 0.036088 0.688035 0.007634 0.724739
858.000000 17.811348 -0.483647 10.062641 0.036908 0.709901 0.007512 0.703293
859.000000 17.827814 -0.484634 10.061018 0.037308 0.732017 0.006899 0.680230
860.000000 17.844466 -0.485550 10.058130 0.039010 0.753779 0.006462 0.655937
861.000000 17.860350 -0.486311 10.053993 0.041456 0.774506 0.007426 0.631163
862.000000 17.875630 -0.487025 10.048884 0.043684 0.794025 0.009190 0.606244
863.000000 17.890117 -0.487747 10.043342 0.043036 0.813082 0.009609 0.580477
864.000000 17.904495 -0.488444 10.036762 0.041239 0.831675 0.009610 0.553645
865.000000 17.918625 -0.489034 10.029082 0.040162 0.849682 0.010381 0.525661
866.000000 17.931992 -0.489597 10.020418 0.041553 0.866195 0.011457 0.497844
867.000000 17.944862 -0.490162 10.010973 0.043329 0.881968 0.010936 0.469186
868.000000 17.956941 -0.490704 10.001421 0.044083 0.896931 0.007497 0.439904
869.000000 17.968822 -0.491323 9.990850 0.044015 0.910817 0.004545 0.410432
870.000000 17.979299 -0.491905 9.979619 0.043645 0.923791 0.002961 0.380391
871.000000 17.989670 -0.492451 9.966692 0.041635 0.936007 0.003271 0.349495
872.000000 17.999213 -0.492899 9.952912 0.040576 0.947313 0.004073 0.317703
873.000000 18.007379 -0.493462 9.939722 0.039119 0.957561 0.002555 0.285552
874.000000 18.015207 -0.494012 9.924474 0.038640 0.966607 0.000357 0.253332
875.000000 18.021893 -0.494552 9.909748 0.037561 0.974776 -0.002455 0.219988
876.000000 18.027532 -0.495154 9.894679 0.037330 0.981911 -0.005315 0.185553
877.000000 18.032265 -0.495797 9.879145 0.036569 0.987667 -0.007003 0.152076
878.000000 18.035998 -0.496436 9.862222 0.036962 0.991971 -0.007341 0.120723
879.000000 18.038760 -0.497072 9.845095 0.036767 0.995107 -0.008231 0.091336
880.000000 18.040684 -0.497725 9.826709 0.037121 0.997222 -0.009004 0.063951
881.000000 18.041698 -0.498351 9.808314 0.037826 0.998435 -0.010535 0.039823
882.000000 18.041887 -0.498981 9.788839 0.039164 0.998984 -0.012306 0.018573
883.000000 18.041654 -0.499695 9.769305 0.039458 0.999138 -0.012872 0.000777
884.000000 18.041049 -0.500450 9.748944 0.040248 0.999016 -0.012044 -0.014242
885.000000 18.040201 -0.501154 9.728313 0.038874 0.998833 -0.009415 -0.027088
886.000000 18.038993 -0.501806 9.707630 0.035743 0.998614 -0.007236 -0.037948
887.000000 18.037084 -0.502350 9.686410 0.033236 0.998286 -0.006099 -0.047788
888.000000 18.034820 -0.502788 9.665391 0.031423 0.997854 -0.004515 -0.057276
889.000000 18.032117 -0.503190 9.643391 0.029035 0.997338 -0.002760 -0.066834
890.000000 18.029044 -0.503538 9.621255 0.023518 0.996796 -0.000855 -0.076451
891.000000 18.025374 -0.503760 9.598884 0.018855 0.996056 0.001051 -0.086695
892.000000 18.021074 -0.503879 9.576819 0.017262 0.995092 0.003789 -0.097362
893.000000 18.016597 -0.503963 9.554544 0.012941 0.993967 0.007359 -0.108668
894.000000 18.011024 -0.503862 9.531181 0.008008 0.992655 0.010910 -0.120221
895.000000 18.004868 -0.503670 9.508418 0.003973 0.991129 0.012219 -0.132278
896.000000 17.997772 -0.503361 9.484924 0.003237 0.989314 0.013194 -0.145167
897.000000 17.990175 -0.503003 9.462221 0.003269 0.987330 0.014123 -0.158018
898.000000 17.981699 -0.502652 9.439107 0.003883 0.985186 0.016456 -0.170654
899.000000 17.972436 -0.502172 9.416039 0.004879 0.983154 0.018409 -0.181786
900.000000 17.962924 -0.501586 9.393525 0.006732 0.981194 0.019546 -0.191915
901.000000 17.952769 -0.500859 9.370053 0.007096 0.979617 0.021168 -0.199628
902.000000 17.942386 -0.500165 9.346616 0.007220 0.978585 0.022665 -0.204463
903.000000 17.931424 -0.499298 9.321391 0.007447 0.977950 0.025172 -0.207184
904.000000 17.920199 -0.498312 9.295519 0.006427 0.977728 0.028002 -0.207900
905.000000 17.908862 -0.497214 9.268655 0.003895 0.977776 0.030206 -0.207428
906.000000 17.897430 -0.496099 9.241771 0.001644 0.978015 0.029877 -0.206379
907.000000 17.886112 -0.495157 9.215143 0.000042 0.978508 0.027154 -0.204412
908.000000 17.874965 -0.494276 9.188359 -0.000589 0.979196 0.023381 -0.201566
909.000000 17.864259 -0.493556 9.161449 -0.001717 0.979960 0.020902 -0.198089
910.000000 17.853376 -0.492974 9.134422 -0.001049 0.980552 0.020248 -0.195207
911.000000 17.842466 -0.492320 9.106663 -0.001624 0.981188 0.021487 -0.191851
912.000000 17.831469 -0.491667 9.078018 -0.003481 0.981602 0.021234 -0.189720
913.000000 17.820643 -0.491083 9.049047 -0.005360 0.981933 0.019003 -0.188194
914.000000 17.810124 -0.490644 9.021103 -0.005310 0.982087 0.016721 -0.187608
915.000000 17.799112 -0.490209 8.992236 -0.006117 0.982239 0.016950 -0.186768
916.000000 17.788572 -0.489778 8.964354 -0.005951 0.982398 0.017348 -0.185900
917.000000 17.777764 -0.489222 8.936084 -0.004561 0.982601 0.018416 -0.184758
918.000000 17.766724 -0.488609 8.906742 -0.002816 0.982757 0.019655 -0.183834
919.000000 17.756063 -0.487979 8.877401 -0.002871 0.982996 0.021527 -0.182341
920.000000 17.745314 -0.487244 8.847297 -0.002159 0.983341 0.021748 -0.180449
921.000000 17.734920 -0.486534 8.818093 -0.001206 0.983738 0.021454 -0.178320
922.000000 17.724616 -0.485732 8.788389 -0.000500 0.984124 0.021656 -0.176157
923.000000 17.714116 -0.484920 8.758196 0.001145 0.984516 0.022003 -0.173903
924.000000 17.704025 -0.484105 8.728072 0.001112 0.984990 0.021318 -0.171286
925.000000 17.694487 -0.483400 8.698646 0.000544 0.985374 0.020266 -0.169195
926.000000 17.684675 -0.482724 8.669348 0.000893 0.985706 0.019815 -0.167301
927.000000 17.674972 -0.482086 8.640147 0.001239 0.985889 0.021170 -0.166052
928.000000 17.665153 -0.481375 8.610269 0.002086 0.986043 0.021621 -0.165069
929.000000 17.655823 -0.480713 8.581013 0.001661 0.986220 0.020487 -0.164157
930.000000 17.646616 -0.480129 8.552274 0.001918 0.986361 0.018964 -0.163489
931.000000 17.637560 -0.479520 8.523891 0.001819 0.986382 0.020278 -0.163206
932.000000 17.628048 -0.478800 8.494722 0.002388 0.986363 0.021719 -0.163129
933.000000 17.618426 -0.478035 8.464974 0.001828 0.986455 0.021952 -0.162548
934.000000 17.609388 -0.477337 8.436456 0.001937 0.986551 0.020480 -0.162154
935.000000 17.600395 -0.476642 8.408094 0.002771 0.986664 0.019638 -0.161560
936.000000 17.591731 -0.476093 8.380512 0.002625 0.986804 0.019879 -0.160673
937.000000 17.583246 -0.475500 8.353181 0.002851 0.986972 0.019555 -0.159676
938.000000 17.575614 -0.475064 8.327699 0.002321 0.987210 0.018486 -0.158332
939.000000 17.567677 -0.474530 8.301343 0.002021 0.987384 0.019507 -0.157127
940.000000 17.559728 -0.473958 8.275335 0.002679 0.987544 0.020580 -0.155968
941.000000 17.552326 -0.473485 8.250035 0.001982 0.987759 0.020603 -0.154609
942.000000 17.545171 -0.473014 8.225379 0.000594 0.987986 0.019109 -0.153353
943.000000 17.538471 -0.472702 8.201979 -0.000132 0.988166 0.018883 -0.152219
944.000000 17.531601 -0.472251 8.177915 0.000062 0.988276 0.018803 -0.151515
945.000000 17.524773 -0.471873 8.154273 -0.000097 0.988316 0.019224 -0.151200
946.000000 17.518280 -0.471531 8.131044 -0.002002 0.988359 0.019084 -0.150924
947.000000 17.512433 -0.471218 8.109444 -0.003093 0.988424 0.018997 -0.150491
948.000000 17.505934 -0.470765 8.087130 -0.001489 0.988512 0.019940 -0.149814
949.000000 17.499741 -0.470323 8.065731 -0.000049 0.988623 0.021089 -0.148926
950.000000 17.493712 -0.469831 8.044186 -0.000950 0.988711 0.022376 -0.148149
951.000000 17.488149 -0.469342 8.023598 -0.001661 0.988829 0.022611 -0.147321
952.000000 17.482712 -0.468835 8.003624 -0.001479 0.988941 0.022484 -0.146587
953.000000 17.477599 -0.468388 7.984738 -0.001732 0.989044 0.022277 -0.145919
954.000000 17.472540 -0.467984 7.966099 -0.001399 0.989150 0.020820 -0.145417
955.000000 17.467883 -0.467635 7.949344 -0.000392 0.989235 0.020008 -0.144962
956.000000 17.463569 -0.467282 7.933351 0.000771 0.989269 0.019651 -0.144779
957.000000 17.459638 -0.467024 7.918610 0.000560 0.989329 0.018416 -0.144528
958.000000 17.456253 -0.466840 7.905036 -0.001525 0.989320 0.018164 -0.144615
959.000000 17.453220 -0.466695 7.892547 -0.003087 0.989268 0.018707 -0.144875
960.000000 17.450101 -0.466547 7.881086 -0.001829 0.989318 0.019198 -0.144489
961.000000 17.446833 -0.466407 7.870179 0.001043 0.989391 0.018650 -0.144071
962.000000 17.444271 -0.466316 7.860634 0.001098 0.989351 0.018092 -0.144419
963.000000 17.442060 -0.466256 7.852268 0.000319 0.989388 0.017519 -0.144236
964.000000 17.439883 -0.466218 7.844061 -0.000017 0.989457 0.017364 -0.143781
965.000000 17.437660 -0.466159 7.836169 0.000624 0.989419 0.017649 -0.144006
966.000000 17.435686 -0.466097 7.828860 0.000632 0.989391 0.017659 -0.144199
967.000000 17.433893 -0.466025 7.822337 0.000475 0.989463 0.016034 -0.143896
968.000000 17.432084 -0.465977 7.815739 0.000425 0.989486 0.014571 -0.143894
969.000000 17.430208 -0.465970 7.809208 0.000896 0.989447 0.013906 -0.144221
970.000000 17.428398 -0.465967 7.802366 0.001162 0.989452 0.013696 -0.144204
971.000000 17.426695 -0.465914 7.795713 0.001294 0.989442 0.013882 -0.144259
972.000000 17.424991 -0.465871 7.789207 0.001147 0.989402 0.013828 -0.144540
973.000000 17.423286 -0.465821 7.782882 0.000835 0.989391 0.013447 -0.144650
974.000000 17.421626 -0.465759 7.776503 0.000137 0.989395 0.012918 -0.144673
975.000000 17.419927 -0.465691 7.769862 -0.000333 0.989387 0.012936 -0.144724
976.000000 17.418117 -0.465630 7.763139 -0.000307 0.989364 0.013379 -0.144843
977.000000 17.416325 -0.465537 7.756675 0.000213 0.989354 0.013523 -0.144897
978.000000 17.414497 -0.465429 7.750248 0.000797 0.989366 0.013450 -0.144825
979.000000 17.412690 -0.465324 7.743802 0.000869 0.989349 0.013425 -0.144939
980.000000 17.411058 -0.465209 7.737505 0.000103 0.989334 0.013435 -0.145046
981.000000 17.409361 -0.465114 7.731066 -0.000571 0.989343 0.013364 -0.144990
982.000000 17.407655 -0.465002 7.725092 -0.000501 0.989346 0.013564 -0.144946
983.000000 17.405958 -0.464889 7.719450 -0.000204 0.989334 0.013940 -0.144994
984.000000 17.404316 -0.464779 7.713771 -0.000432 0.989331 0.014203 -0.144988
985.000000 17.402823 -0.464661 7.708384 -0.001095 0.989341 0.014118 -0.144927
986.000000 17.401368 -0.464584 7.703096 -0.002005 0.989360 0.013565 -0.144838
987.000000 17.399850 -0.464510 7.697889 -0.002228 0.989388 0.013154 -0.144681
988.000000 17.398221 -0.464417 7.692700 -0.001559 0.989392 0.013070 -0.144672
989.000000 17.396488 -0.464324 7.687511 -0.000664 0.989374 0.012941 -0.144816
990.000000 17.394967 -0.464189 7.682357 -0.001105 0.989361 0.013230 -0.144876
991.000000 17.393274 -0.463995 7.676285 -0.002804 0.989322 0.015105 -0.144933
992.000000 17.391518 -0.463747 7.669884 -0.004948 0.989284 0.016485 -0.144988
993.000000 17.390058 -0.463624 7.664643 -0.006133 0.989281 0.016168 -0.144998
994.000000 17.388446 -0.463551 7.659688 -0.006420 0.989322 0.015165 -0.144813
995.000000 17.386946 -0.463490 7.655086 -0.006048 0.989378 0.014354 -0.144530
996.000000 17.385420 -0.463436 7.650347 -0.005737 0.989425 0.014109 -0.144241
997.000000 17.383844 -0.463376 7.645429 -0.005696 0.989484 0.013888 -0.143860
998.000000 17.382287 -0.463326 7.640324 -0.005867 0.989556 0.013422 -0.143399
999.000000 17.380526 -0.463299 7.634807 -0.006080 0.989637 0.012657 -0.142904
1000.000000 17.378588 -0.463272 7.628875 -0.005961 0.989757 0.011173 -0.142199
1001.000000 17.376647 -0.463212 7.622463 -0.005820 0.989900 0.009332 -0.141344
1002.000000 17.374724 -0.463204 7.615987 -0.005712 0.990066 0.007889 -0.140264
1003.000000 17.372769 -0.463214 7.608936 -0.006305 0.990289 0.007027 -0.138704
1004.000000 17.370453 -0.463253 7.600744 -0.006842 0.990617 0.006332 -0.136350
1005.000000 17.367975 -0.463314 7.591779 -0.006195 0.991014 0.006211 -0.133473
1006.000000 17.365464 -0.463311 7.582521 -0.004870 0.991470 0.005517 -0.130130
1007.000000 17.363106 -0.463329 7.572785 -0.004675 0.991957 0.004700 -0.126400
1008.000000 17.360774 -0.463423 7.561745 -0.005681 0.992521 0.004819 -0.121844
1009.000000 17.358374 -0.463473 7.550904 -0.004394 0.993105 0.004472 -0.117062
1010.000000 17.355797 -0.463500 7.539003 -0.002229 0.993693 0.004503 -0.112018
1011.000000 17.353303 -0.463525 7.526328 -0.001313 0.994230 0.005567 -0.107113
1012.000000 17.350803 -0.463534 7.512120 -0.000754 0.994776 0.006872 -0.101844
1013.000000 17.348510 -0.463471 7.498047 -0.001544 0.995332 0.005870 -0.096321
1014.000000 17.346183 -0.463443 7.483116 -0.001322 0.995829 0.005659 -0.091054
1015.000000 17.343711 -0.463492 7.467467 0.000316 0.996233 0.008101 -0.086336
1016.000000 17.341203 -0.463419 7.450545 0.001958 0.996582 0.009728 -0.082017
1017.000000 17.338919 -0.463266 7.433151 0.001687 0.996910 0.011120 -0.077741
1018.000000 17.336685 -0.463029 7.414673 -0.000576 0.997168 0.013171 -0.074042
1019.000000 17.334199 -0.462705 7.394580 -0.001226 0.997360 0.015235 -0.070987
1020.000000 17.331787 -0.462352 7.374160 -0.003452 0.997545 0.015597 -0.068188
1021.000000 17.329330 -0.461965 7.352578 -0.005030 0.997600 0.016341 -0.067092
1022.000000 17.326828 -0.461494 7.330421 -0.007912 0.997645 0.017758 -0.065775
1023.000000 17.324186 -0.460959 7.307527 -0.007445 0.997750 0.017778 -0.064216
1024.000000 17.321635 -0.460457 7.284293 -0.007649 0.997806 0.017978 -0.063255
1025.000000 17.318891 -0.459977 7.260818 -0.006988 0.997864 0.017497 -0.062546
1026.000000 17.316368 -0.459510 7.235600 -0.011113 0.997979 0.014444 -0.060869
1027.000000 17.314026 -0.459150 7.211525 -0.014159 0.998035 0.011943 -0.059856
1028.000000 17.311551 -0.458915 7.187394 -0.013648 0.998127 0.009434 -0.058891
1029.000000 17.308843 -0.458781 7.163533 -0.011407 0.998194 0.009937 -0.058138
1030.000000 17.306300 -0.458608 7.138569 -0.012624 0.998187 0.011710 -0.057677
1031.000000 17.304016 -0.458369 7.113807 -0.013915 0.998201 0.012859 -0.056890
1032.000000 17.301596 -0.458099 7.088286 -0.013662 0.998267 0.013757 -0.055558
1033.000000 17.299246 -0.457715 7.062058 -0.013493 0.998338 0.013994 -0.054257
1034.000000 17.296842 -0.457399 7.035345 -0.012306 0.998419 0.015155 -0.052703
1035.000000 17.294435 -0.457056 7.008365 -0.011891 0.998525 0.015864 -0.050541
1036.000000 17.292263 -0.456663 6.980317 -0.011324 0.998663 0.016282 -0.047732
1037.000000 17.290015 -0.456242 6.951538 -0.009817 0.998797 0.017315 -0.044815
1038.000000 17.287823 -0.455794 6.922006 -0.008345 0.998918 0.018488 -0.041838
1039.000000 17.285867 -0.455268 6.891998 -0.007600 0.999027 0.018500 -0.039306
1040.000000 17.283893 -0.454772 6.861811 -0.007738 0.999133 0.017613 -0.036933
1041.000000 17.281963 -0.454389 6.832898 -0.007146 0.999216 0.016106 -0.035459
1042.000000 17.280205 -0.453999 6.804280 -0.009287 0.999259 0.014744 -0.034308
1043.000000 17.278477 -0.453732 6.776462 -0.010246 0.999263 0.013753 -0.034329
1044.000000 17.276733 -0.453516 6.749224 -0.011723 0.999251 0.013520 -0.034317
1045.000000 17.274982 -0.453383 6.722237 -0.012570 0.999226 0.013182 -0.034876
1046.000000 17.273253 -0.453229 6.694657 -0.012617 0.999192 0.014058 -0.035484
1047.000000 17.271502 -0.453094 6.667269 -0.011474 0.999170 0.014236 -0.036398
1048.000000 17.269479 -0.452953 6.639005 -0.010645 0.999136 0.014422 -0.037502
1049.000000 17.267290 -0.452773 6.611433 -0.011138 0.999111 0.013413 -0.038375
1050.000000 17.264890 -0.452602 6.583886 -0.010718 0.999102 0.012450 -0.039057
1051.000000 17.262499 -0.452464 6.556232 -0.010593 0.999068 0.012597 -0.039904
1052.000000 17.259966 -0.452344 6.528464 -0.010446 0.999033 0.012388 -0.040879
1053.000000 17.257566 -0.452195 6.500655 -0.010822 0.998995 0.012491 -0.041660
1054.000000 17.255027 -0.452112 6.472794 -0.010171 0.998976 0.011776 -0.042490
1055.000000 17.252373 -0.451989 6.443999 -0.009826 0.998953 0.010928 -0.043316
1056.000000 17.249874 -0.451936 6.415658 -0.009593 0.998939 0.009729 -0.043977
1057.000000 17.247454 -0.451943 6.387089 -0.009442 0.998931 0.009845 -0.044159
1058.000000 17.245093 -0.451993 6.358603 -0.009411 0.998939 0.009658 -0.044025
1059.000000 17.242626 -0.452025 6.329546 -0.009519 0.998947 0.010631 -0.043606
1060.000000 17.240149 -0.451957 6.299472 -0.009726 0.998965 0.010178 -0.043260
1061.000000 17.237826 -0.451984 6.270641 -0.010427 0.998987 0.009627 -0.042703
1062.000000 17.235407 -0.451985 6.240570 -0.010554 0.999035 0.009074 -0.041657
1063.000000 17.233184 -0.452067 6.211613 -0.009754 0.999086 0.009323 -0.040563
1064.000000 17.231023 -0.452117 6.181871 -0.009150 0.999136 0.009264 -0.039468
1065.000000 17.228972 -0.452203 6.153049 -0.009703 0.999183 0.008106 -0.038395
1066.000000 17.227065 -0.452373 6.124478 -0.009369 0.999250 0.006339 -0.037044
1067.000000 17.225151 -0.452598 6.096217 -0.009362 0.999297 0.006151 -0.035773
1068.000000 17.223402 -0.452836 6.067788 -0.010199 0.999335 0.007546 -0.034190
1069.000000 17.221577 -0.452934 6.038960 -0.010511 0.999366 0.009779 -0.032567
1070.000000 17.219895 -0.453011 6.008680 -0.010237 0.999410 0.010490 -0.031055
1071.000000 17.218294 -0.453027 5.979722 -0.008997 0.999463 0.010191 -0.029812
1072.000000 17.216807 -0.453079 5.950512 -0.008658 0.999521 0.009387 -0.028203
1073.000000 17.215477 -0.453145 5.921688 -0.007981 0.999566 0.009051 -0.026866
1074.000000 17.214042 -0.453307 5.892987 -0.006987 0.999623 0.008360 -0.025191
1075.000000 17.212711 -0.453498 5.864944 -0.006558 0.999665 0.007199 -0.023987
1076.000000 17.211577 -0.453787 5.836620 -0.006400 0.999706 0.006020 -0.022613
1077.000000 17.210638 -0.454011 5.807666 -0.007093 0.999732 0.006585 -0.021024
1078.000000 17.209654 -0.454186 5.778923 -0.008185 0.999737 0.008784 -0.019536
1079.000000 17.208759 -0.454294 5.749360 -0.007912 0.999737 0.010656 -0.018719
1080.000000 17.208019 -0.454315 5.719801 -0.009097 0.999740 0.010115 -0.018303
1081.000000 17.207282 -0.454448 5.690859 -0.009699 0.999749 0.008159 -0.018501
1082.000000 17.206461 -0.454667 5.661724 -0.009626 0.999751 0.006964 -0.018877
1083.000000 17.205475 -0.454914 5.632125 -0.007243 0.999760 0.005924 -0.019812
1084.000000 17.204091 -0.455168 5.602582 -0.004051 0.999756 0.006376 -0.020742
1085.000000 17.203123 -0.455407 5.573100 -0.002969 0.999749 0.005670 -0.021454
1086.000000 17.202070 -0.455678 5.542250 -0.002044 0.999737 0.005434 -0.022193
1087.000000 17.200804 -0.455981 5.512311 -0.001354 0.999725 0.005309 -0.022805
1088.000000 17.199662 -0.456336 5.481654 -0.002073 0.999711 0.004468 -0.023539
1089.000000 17.198835 -0.456838 5.452675 -0.003111 0.999691 0.002215 -0.024561
1090.000000 17.197910 -0.457394 5.423914 -0.004944 0.999669 -0.002594 -0.025117
1091.000000 17.196831 -0.458194 5.396933 -0.005321 0.999639 -0.005704 -0.025692
1092.000000 17.196061 -0.459068 5.370801 -0.007111 0.999612 -0.006518 -0.026123
1093.000000 17.195138 -0.459856 5.345389 -0.005755 0.999606 -0.004844 -0.027033
1094.000000 17.194396 -0.460580 5.319558 -0.004166 0.999607 -0.003467 -0.027489
1095.000000 17.193726 -0.461279 5.295690 -0.003223 0.999598 -0.003858 -0.027898
1096.000000 17.192996 -0.461998 5.272230 -0.002829 0.999590 -0.004874 -0.028064
1097.000000 17.191806 -0.462748 5.249831 -0.000196 0.999585 -0.008067 -0.027659
1098.000000 17.191100 -0.463545 5.229221 -0.000018 0.999580 -0.009566 -0.027339
1099.000000 17.190468 -0.464334 5.209201 -0.000663 0.999580 -0.009084 -0.027524
1100.000000 17.189963 -0.465064 5.190220 -0.001720 0.999581 -0.008405 -0.027649
1101.000000 17.189280 -0.465782 5.171611 -0.000924 0.999595 -0.008151 -0.027262
1102.000000 17.188547 -0.466513 5.154298 -0.001296 0.999583 -0.009441 -0.027259
1103.000000 17.187870 -0.467228 5.137901 -0.003403 0.999557 -0.011930 -0.027043
1104.000000 17.187461 -0.467925 5.122733 -0.005493 0.999545 -0.012709 -0.026815
1105.000000 17.186683 -0.468607 5.107765 -0.005166 0.999555 -0.012197 -0.026730
1106.000000 17.186010 -0.469300 5.092754 -0.004928 0.999572 -0.011114 -0.026619
1107.000000 17.185279 -0.470024 5.077379 -0.004304 0.999578 -0.009950 -0.026949
1108.000000 17.184888 -0.470701 5.062774 -0.006450 0.999566 -0.009932 -0.026957
1109.000000 17.184276 -0.471342 5.048320 -0.006984 0.999559 -0.009785 -0.027168
1110.000000 17.183501 -0.471964 5.033701 -0.006577 0.999561 -0.009970 -0.027120
1111.000000 17.182545 -0.472597 5.018978 -0.004421 0.999567 -0.010096 -0.027288
1112.000000 17.181773 -0.473212 5.004933 -0.003063 0.999574 -0.010129 -0.027211
1113.000000 17.181081 -0.473844 4.991117 -0.001720 0.999577 -0.010488 -0.027057
1114.000000 17.180597 -0.474481 4.977434 -0.001637 0.999574 -0.010561 -0.027171
1115.000000 17.180062 -0.475069 4.964669 -0.000735 0.999571 -0.011034 -0.027128
1116.000000 17.179651 -0.475622 4.952513 0.000014 0.999576 -0.011407 -0.026787
1117.000000 17.179153 -0.476212 4.940815 0.000765 0.999575 -0.011867 -0.026603
1118.000000 17.178793 -0.476801 4.929852 -0.000045 0.999569 -0.012896 -0.026375
1119.000000 17.178430 -0.477355 4.919164 0.000173 0.999558 -0.014601 -0.025877
1120.000000 17.177916 -0.477919 4.908366 0.001913 0.999548 -0.016566 -0.025026
1121.000000 17.177457 -0.478500 4.898641 0.004284 0.999549 -0.017595 -0.023966
1122.000000 17.177227 -0.479063 4.889329 0.005389 0.999574 -0.017796 -0.022518
1123.000000 17.177169 -0.479577 4.880036 0.004865 0.999607 -0.018118 -0.020816
1124.000000 17.177189 -0.480084 4.871543 0.003883 0.999626 -0.018646 -0.019636
1125.000000 17.177259 -0.480553 4.863556 0.002346 0.999646 -0.019061 -0.018399
1126.000000 17.177217 -0.481019 4.855754 0.001501 0.999674 -0.018990 -0.017011
1127.000000 17.177147 -0.481490 4.848187 0.001436 0.999693 -0.019104 -0.015711
1128.000000 17.177071 -0.481924 4.840873 0.001941 0.999709 -0.019209 -0.014460
1129.000000 17.177014 -0.482344 4.834004 0.002424 0.999722 -0.019373 -0.013243
1130.000000 17.176927 -0.482769 4.827652 0.002871 0.999721 -0.019934 -0.012374
1131.000000 17.176824 -0.483232 4.821409 0.002365 0.999707 -0.020934 -0.011891
1132.000000 17.176829 -0.483665 4.815542 0.001164 0.999691 -0.021954 -0.011640
1133.000000 17.176627 -0.484061 4.810247 0.001368 0.999677 -0.022626 -0.011487
1134.000000 17.176402 -0.484427 4.805052 0.001989 0.999671 -0.022906 -0.011388
1135.000000 17.176184 -0.484784 4.800327 0.002361 0.999660 -0.023395 -0.011243
1136.000000 17.176085 -0.485148 4.795380 0.002178 0.999654 -0.023967 -0.010625
1137.000000 17.176012 -0.485493 4.790800 0.002059 0.999654 -0.024258 -0.009911
1138.000000 17.175905 -0.485823 4.786460 0.002141 0.999660 -0.024193 -0.009523
1139.000000 17.175811 -0.486154 4.782469 0.002100 0.999659 -0.024411 -0.009076
1140.000000 17.175814 -0.486455 4.778719 0.001437 0.999654 -0.024837 -0.008547
1141.000000 17.175888 -0.486740 4.774961 0.000466 0.999652 -0.025101 -0.008118
1142.000000 17.175876 -0.486962 4.771456 0.000375 0.999653 -0.025162 -0.007742
1143.000000 17.175746 -0.487189 4.767957 0.000971 0.999657 -0.025101 -0.007396
1144.000000 17.175669 -0.487413 4.764501 0.001292 0.999659 -0.025135 -0.006964
1145.000000 17.175673 -0.487595 4.761368 0.000956 0.999657 -0.025375 -0.006475
1146.000000 17.175665 -0.487768 4.758337 0.000701 0.999652 -0.025664 -0.006076
1147.000000 17.175619 -0.487906 4.755364 0.000787 0.999651 -0.025805 -0.005688
1148.000000 17.175509 -0.487993 4.752496 0.001230 0.999654 -0.025742 -0.005311
1149.000000 17.175416 -0.488078 4.749728 0.001532 0.999655 -0.025774 -0.004913
1150.000000 17.175331 -0.488202 4.746986 0.001770 0.999652 -0.025943 -0.004499
1151.000000 17.175268 -0.488099 4.744637 0.001819 0.999651 -0.026034 -0.004063
1152.000000 17.175177 -0.488033 4.742324 0.001848 0.999650 -0.026132 -0.003700
1153.000000 17.175090 -0.487974 4.740117 0.001987 0.999646 -0.026307 -0.003307
1154.000000 17.174976 -0.487756 4.737981 0.002040 0.999646 -0.026362 -0.003019
1155.000000 17.174866 -0.487477 4.735997 0.001879 0.999646 -0.026398 -0.002806
1156.000000 17.174721 -0.487243 4.734014 0.001829 0.999644 -0.026502 -0.002528
1157.000000 17.174590 -0.486973 4.732265 0.001624 0.999642 -0.026596 -0.002362
1158.000000 17.174415 -0.486603 4.730591 0.001504 0.999642 -0.026640 -0.002165
1159.000000 17.174232 -0.486146 4.729168 0.001411 0.999641 -0.026675 -0.002111
1160.000000 17.174057 -0.485745 4.727903 0.001387 0.999639 -0.026743 -0.002076
1161.000000 17.173904 -0.485422 4.726583 0.001364 0.999636 -0.026876 -0.001987
1162.000000 17.173782 -0.485164 4.725357 0.001362 0.999629 -0.027124 -0.001884
1163.000000 17.173669 -0.484989 4.723934 0.001433 0.999623 -0.027369 -0.001761
1164.000000 17.173531 -0.484672 4.722513 0.001443 0.999620 -0.027492 -0.001635
1165.000000 17.173364 -0.484314 4.720948 0.001445 0.999620 -0.027492 -0.001479
1166.000000 17.173151 -0.483866 4.719210 0.001375 0.999624 -0.027351 -0.001368
1167.000000 17.172962 -0.483442 4.717421 0.001331 0.999627 -0.027252 -0.001160
1168.000000 17.172787 -0.483086 4.715454 0.001331 0.999631 -0.027129 -0.000990
1169.000000 17.172655 -0.482723 4.713478 0.001193 0.999635 -0.026990 -0.000769
1170.000000 17.172556 -0.482585 4.711316 0.001241 0.999636 -0.026931 -0.000487
1171.000000 17.172451 -0.482309 4.709141 0.001169 0.999641 -0.026771 -0.000357
1172.000000 17.172354 -0.482074 4.706996 0.001211 0.999647 -0.026548 -0.000132
1173.000000 17.172287 -0.481944 4.704801 0.001122 0.999652 -0.026363 0.000135
1174.000000 17.172257 -0.481906 4.702496 0.000892 0.999654 -0.026284 0.000414
1175.000000 17.172263 -0.481940 4.700068 0.000805 0.999654 -0.026290 0.000680
1176.000000 17.172264 -0.482064 4.697422 0.000740 0.999654 -0.026287 0.000978
1177.000000 17.172245 -0.482233 4.694597 0.000928 0.999656 -0.026194 0.001289
1178.000000 17.172242 -0.482392 4.691623 0.001130 0.999658 -0.026081 0.001471
1179.000000 17.172247 -0.482623 4.688322 0.001368 0.999658 -0.026061 0.001591
1180.000000 17.172275 -0.482847 4.685047 0.001436 0.999659 -0.025995 0.001762
1181.000000 17.172332 -0.483123 4.681533 0.001334 0.999662 -0.025885 0.002052
1182.000000 17.172371 -0.483388 4.677916 0.001423 0.999664 -0.025795 0.002246
1183.000000 17.172421 -0.483663 4.674262 0.001180 0.999671 -0.025528 0.002338
1184.000000 17.172519 -0.483893 4.670628 0.000734 0.999680 -0.025173 0.002451
1185.000000 17.172582 -0.484188 4.666744 0.000448 0.999682 -0.025066 0.002560
1186.000000 17.172585 -0.484511 4.662700 0.000712 0.999676 -0.025292 0.002830
1187.000000 17.172525 -0.484833 4.658604 0.001477 0.999670 -0.025491 0.002968
1188.000000 17.172597 -0.485167 4.654530 0.001803 0.999669 -0.025504 0.003011
1189.000000 17.172664 -0.485514 4.650245 0.002234 0.999670 -0.025369 0.003224
1190.000000 17.172647 -0.485871 4.645726 0.003415 0.999674 -0.025092 0.003397
1191.000000 17.172639 -0.486226 4.641283 0.004451 0.999680 -0.024703 0.003243
1192.000000 17.172725 -0.486564 4.637262 0.004220 0.999687 -0.024411 0.003424
1193.000000 17.172852 -0.486879 4.633370 0.003757 0.999690 -0.024329 0.003706
1194.000000 17.172908 -0.487200 4.629777 0.003602 0.999690 -0.024332 0.003806
1195.000000 17.172922 -0.487499 4.626095 0.003661 0.999694 -0.024126 0.004061
1196.000000 17.172918 -0.487752 4.622735 0.003753 0.999699 -0.023810 0.004539
1197.000000 17.172881 -0.487968 4.619505 0.003842 0.999707 -0.023407 0.004810
1198.000000 17.172842 -0.488065 4.616525 0.003666 0.999719 -0.022860 0.005042
1199.000000 17.172818 -0.488156 4.613806 0.003597 0.999725 -0.022501 0.005454
