0.000000 0.000000 0.000000 0.000000 0.000000 0.000000 0.000000 1.000000
1.000000 0.000436 0.000315 0.004271 0.000099 0.010118 -0.001779 0.999947
2.000000 0.001285 0.000698 0.009144 -0.000310 0.024659 -0.002454 0.999693
3.000000 0.002465 0.000912 0.015717 -0.001456 0.039583 -0.001949 0.999213
4.000000 0.004212 0.001148 0.023823 -0.002914 0.057335 -0.000221 0.998351
5.000000 0.006440 0.001430 0.030462 -0.003192 0.077854 0.001835 0.996958
6.000000 0.008402 0.001588 0.034588 -0.003350 0.099984 0.000892 0.994983
7.000000 0.010617 0.001724 0.039868 -0.005129 0.125214 0.000236 0.992117
8.000000 0.013272 0.001765 0.046456 -0.008967 0.150590 0.001681 0.988554
9.000000 0.017588 0.001869 0.054853 -0.012822 0.171793 0.004836 0.985038
10.000000 0.023455 0.002053 0.064039 -0.015749 0.194610 0.008565 0.980717
11.000000 0.030230 0.002499 0.072283 -0.018526 0.219794 0.011666 0.975301
12.000000 0.036709 0.002915 0.078804 -0.020762 0.245762 0.013753 0.969010
13.000000 0.042379 0.003168 0.083618 -0.022445 0.274220 0.015067 0.961287
14.000000 0.048969 0.003436 0.090661 -0.023381 0.303739 0.017244 0.952312
15.000000 0.056034 0.004019 0.097485 -0.024231 0.331854 0.018295 0.942842
16.000000 0.064007 0.004709 0.104164 -0.024005 0.359216 0.019579 0.932740
17.000000 0.073189 0.005638 0.111737 -0.024387 0.386158 0.019651 0.921901
18.000000 0.083201 0.006653 0.119557 -0.026133 0.411821 0.017880 0.910715
19.000000 0.094495 0.007481 0.127619 -0.026639 0.435577 0.017839 0.899581
20.000000 0.106894 0.008336 0.135590 -0.027167 0.457945 0.017902 0.888385
21.000000 0.120430 0.009407 0.143467 -0.027909 0.478122 0.018163 0.877662
22.000000 0.134751 0.010438 0.151292 -0.028297 0.497393 0.017180 0.866893
23.000000 0.149641 0.011379 0.158648 -0.027739 0.515074 0.016465 0.856538
24.000000 0.166619 0.012498 0.166182 -0.025908 0.533893 0.016417 0.844996
25.000000 0.184023 0.013592 0.173105 -0.023619 0.550875 0.016634 0.834088
26.000000 0.201510 0.014619 0.179700 -0.021416 0.565667 0.016693 0.824187
27.000000 0.218944 0.015597 0.185860 -0.019401 0.577875 0.016980 0.815718
28.000000 0.235481 0.016487 0.191375 -0.017722 0.587027 0.017623 0.809182
29.000000 0.252183 0.017433 0.196692 -0.016489 0.594166 0.018570 0.803959
30.000000 0.270076 0.018526 0.202423 -0.015960 0.600900 0.019115 0.798936
31.000000 0.287969 0.019647 0.208126 -0.015879 0.606510 0.019190 0.794685
32.000000 0.306021 0.020904 0.213712 -0.016181 0.611220 0.019050 0.791066
33.000000 0.325001 0.022163 0.219232 -0.016965 0.615617 0.018899 0.787636
34.000000 0.345002 0.023103 0.224669 -0.017531 0.620021 0.019088 0.784157
35.000000 0.365852 0.023962 0.229855 -0.017930 0.624293 0.019413 0.780743
36.000000 0.387865 0.025066 0.234889 -0.019214 0.628140 0.019954 0.777607
37.000000 0.410584 0.026372 0.239912 -0.020885 0.632756 0.020433 0.773800
38.000000 0.434505 0.027637 0.244946 -0.022391 0.637472 0.021139 0.769858
39.000000 0.458829 0.028766 0.249592 -0.023283 0.642596 0.021607 0.765546
40.000000 0.482710 0.029782 0.253795 -0.023336 0.648030 0.021653 0.760949
41.000000 0.507474 0.030935 0.257767 -0.023091 0.653543 0.020939 0.756248
42.000000 0.532483 0.032217 0.261216 -0.022415 0.659901 0.020388 0.750741
43.000000 0.558674 0.033604 0.264366 -0.022151 0.667526 0.018992 0.744015
44.000000 0.585262 0.034903 0.266778 -0.022688 0.676904 0.016930 0.735527
45.000000 0.612237 0.036220 0.268523 -0.023425 0.687918 0.015402 0.725246
46.000000 0.639429 0.037427 0.269424 -0.023738 0.699965 0.014409 0.713637
47.000000 0.666974 0.038478 0.269478 -0.023309 0.712299 0.013746 0.701354
48.000000 0.695037 0.039468 0.268509 -0.022480 0.724217 0.013088 0.689082
49.000000 0.723833 0.040416 0.266645 -0.021872 0.735566 0.011791 0.676997
50.000000 0.753835 0.041203 0.263699 -0.021254 0.746597 0.009782 0.664865
51.000000 0.783767 0.042013 0.259604 -0.018388 0.757498 0.008963 0.652517
52.000000 0.814491 0.042796 0.254228 -0.013793 0.768032 0.009010 0.640200
53.000000 0.844991 0.043266 0.247795 -0.009247 0.777795 0.008896 0.628387
54.000000 0.875579 0.043590 0.240323 -0.005477 0.787002 0.008930 0.616861
55.000000 0.905808 0.043699 0.231845 -0.000634 0.795688 0.009912 0.605625
56.000000 0.936610 0.043418 0.222361 0.005455 0.803876 0.008380 0.594712
57.000000 0.963251 0.042799 0.212211 0.012579 0.811405 0.004612 0.584331
58.000000 0.986948 0.041581 0.202598 0.019835 0.817898 -0.001124 0.575020
59.000000 1.021941 0.038685 0.188860 0.026293 0.825603 -0.007767 0.563586
60.000000 1.049992 0.035795 0.177571 0.030410 0.832811 -0.010463 0.552622
61.000000 1.073310 0.033386 0.167119 0.032469 0.839612 -0.010695 0.542109
62.000000 1.093047 0.031502 0.157217 0.033588 0.845850 -0.009159 0.532283
63.000000 1.113599 0.029836 0.146376 0.032333 0.851524 -0.006411 0.523278
64.000000 1.134736 0.028299 0.134724 0.033202 0.856509 -0.002370 0.515058
65.000000 1.156695 0.026635 0.122970 0.033709 0.860388 -0.000793 0.508523
66.000000 1.178347 0.024829 0.111284 0.034828 0.863639 -0.000367 0.502907
67.000000 1.199839 0.023059 0.099403 0.035753 0.866436 -0.000842 0.498006
68.000000 1.220724 0.021391 0.087309 0.035174 0.869358 -0.002565 0.492922
69.000000 1.240097 0.019936 0.075511 0.035282 0.872376 -0.002731 0.487552
70.000000 1.259401 0.018674 0.063287 0.035640 0.874711 -0.002933 0.483323
71.000000 1.280663 0.017449 0.049856 0.036634 0.876770 -0.003204 0.479501
72.000000 1.301907 0.016168 0.036814 0.037791 0.877687 -0.003972 0.477726
73.000000 1.322852 0.014810 0.024020 0.038792 0.877590 -0.005195 0.477812
74.000000 1.343693 0.013628 0.011296 0.040271 0.876635 -0.004691 0.479445
75.000000 1.365800 0.012493 -0.002048 0.039127 0.874834 -0.005716 0.482806
76.000000 1.388648 0.011077 -0.015212 0.037833 0.872826 -0.006540 0.486520
77.000000 1.412897 0.009450 -0.028779 0.037041 0.870868 -0.007381 0.490064
78.000000 1.436817 0.007896 -0.042245 0.036105 0.869168 -0.008189 0.493130
79.000000 1.461764 0.006357 -0.056173 0.034214 0.867934 -0.009421 0.495411
80.000000 1.486955 0.004739 -0.070197 0.031854 0.867529 -0.010718 0.496250
81.000000 1.513097 0.003032 -0.084572 0.029960 0.867742 -0.011475 0.495978
82.000000 1.540094 0.001262 -0.099513 0.029078 0.868045 -0.011937 0.495490
83.000000 1.567487 -0.000567 -0.114673 0.028858 0.868292 -0.012000 0.495069
84.000000 1.595160 -0.002431 -0.130132 0.028501 0.868477 -0.012193 0.494759
85.000000 1.623390 -0.004379 -0.145916 0.028129 0.868617 -0.012101 0.494537
86.000000 1.652019 -0.006456 -0.162127 0.027766 0.868619 -0.012419 0.494547
87.000000 1.680800 -0.008473 -0.178119 0.026917 0.868779 -0.012777 0.494303
88.000000 1.709828 -0.010437 -0.194388 0.026327 0.868843 -0.013022 0.494215
89.000000 1.738953 -0.012532 -0.210623 0.025387 0.868684 -0.013861 0.494521
90.000000 1.767512 -0.014580 -0.226444 0.025040 0.868494 -0.013670 0.494878
91.000000 1.796635 -0.016632 -0.242487 0.024282 0.868132 -0.012966 0.495569
92.000000 1.825788 -0.018697 -0.258597 0.023542 0.867521 -0.012591 0.496684
93.000000 1.854554 -0.020796 -0.274465 0.023573 0.866811 -0.012577 0.497920
94.000000 1.883035 -0.022797 -0.290290 0.024138 0.866169 -0.012541 0.499011
95.000000 1.912082 -0.024788 -0.306258 0.024413 0.865968 -0.012894 0.499337
96.000000 1.940056 -0.026951 -0.321781 0.024405 0.866090 -0.014173 0.499091
97.000000 1.968166 -0.029189 -0.337331 0.024502 0.866939 -0.015815 0.497560
98.000000 1.995602 -0.031308 -0.352727 0.024416 0.868242 -0.016925 0.495251
99.000000 2.023149 -0.033257 -0.368392 0.024728 0.869951 -0.016075 0.492255
100.000000 2.051234 -0.035163 -0.384525 0.023737 0.871635 -0.015296 0.489342
101.000000 2.078415 -0.037249 -0.400375 0.021825 0.873039 -0.015887 0.486903
102.000000 2.105775 -0.039446 -0.416406 0.021061 0.874464 -0.017657 0.484311
103.000000 2.132225 -0.041690 -0.432056 0.021028 0.875956 -0.018716 0.481569
104.000000 2.158109 -0.043876 -0.447746 0.021345 0.877356 -0.019737 0.478959
105.000000 2.183659 -0.046083 -0.463498 0.021321 0.878468 -0.020337 0.476892
106.000000 2.208693 -0.048179 -0.479049 0.021619 0.879486 -0.019500 0.475033
107.000000 2.234780 -0.050026 -0.495141 0.021772 0.880243 -0.015575 0.473767
108.000000 2.260760 -0.051663 -0.512060 0.019566 0.880773 -0.011752 0.472989
109.000000 2.287085 -0.053349 -0.529531 0.018189 0.880878 -0.011015 0.472866
110.000000 2.314264 -0.055039 -0.546627 0.017057 0.881260 -0.014128 0.472113
111.000000 2.340789 -0.056768 -0.562984 0.016966 0.881713 -0.017642 0.471151
112.000000 2.365492 -0.058348 -0.578402 0.017567 0.881959 -0.018493 0.470636
113.000000 2.390146 -0.059906 -0.593783 0.017950 0.882248 -0.018446 0.470081
114.000000 2.413939 -0.061680 -0.608661 0.016226 0.882380 -0.017827 0.469919
115.000000 2.438135 -0.063337 -0.623954 0.014482 0.882314 -0.016122 0.470162
116.000000 2.463205 -0.064973 -0.639735 0.011953 0.882201 -0.014526 0.470497
117.000000 2.488587 -0.066435 -0.655611 0.009505 0.881971 -0.015120 0.470966
118.000000 2.514267 -0.068205 -0.671735 0.005695 0.881386 -0.016490 0.472074
119.000000 2.539687 -0.069437 -0.687905 0.006159 0.880819 -0.016261 0.473134
120.000000 2.565418 -0.070565 -0.703822 0.007897 0.880103 -0.016938 0.474416
121.000000 2.591365 -0.072016 -0.719487 0.009164 0.878709 -0.018282 0.476920
122.000000 2.617344 -0.073570 -0.735081 0.010539 0.876752 -0.017795 0.480497
123.000000 2.643579 -0.074948 -0.750564 0.013539 0.874711 -0.016390 0.484179
124.000000 2.670551 -0.076918 -0.765594 0.012978 0.871966 -0.016804 0.489106
125.000000 2.696825 -0.078963 -0.780156 0.011643 0.869147 -0.016590 0.494138
126.000000 2.724279 -0.080817 -0.795428 0.010259 0.865757 -0.015167 0.500129
127.000000 2.752229 -0.082227 -0.810405 0.011056 0.862447 -0.014335 0.505823
128.000000 2.780372 -0.083761 -0.825082 0.011976 0.858786 -0.013454 0.512018
129.000000 2.809075 -0.085402 -0.839536 0.013038 0.855061 -0.013681 0.518183
130.000000 2.838324 -0.087398 -0.853169 0.014408 0.851502 -0.015954 0.523910
131.000000 2.866986 -0.089531 -0.866113 0.017285 0.848169 -0.019177 0.529096
132.000000 2.895142 -0.091679 -0.878662 0.019197 0.844617 -0.020748 0.534624
133.000000 2.923020 -0.093889 -0.890691 0.018815 0.840823 -0.019927 0.540617
134.000000 2.952836 -0.096103 -0.903205 0.018004 0.837494 -0.018601 0.545833
135.000000 2.984710 -0.098296 -0.915844 0.018261 0.834626 -0.019171 0.550180
136.000000 3.017505 -0.100642 -0.928378 0.019998 0.832211 -0.021455 0.553683
137.000000 3.048510 -0.103325 -0.940112 0.021200 0.830362 -0.025220 0.556250
138.000000 3.078182 -0.106304 -0.951233 0.021387 0.829071 -0.027469 0.558058
139.000000 3.107963 -0.109361 -0.962528 0.020525 0.827798 -0.028473 0.559927
140.000000 3.137117 -0.112030 -0.973500 0.020241 0.826426 -0.028735 0.561948
141.000000 3.167176 -0.114955 -0.984382 0.017880 0.824684 -0.028154 0.564610
142.000000 3.197558 -0.117517 -0.995187 0.016355 0.823099 -0.027314 0.567005
143.000000 3.228302 -0.119894 -1.005839 0.015647 0.821294 -0.026555 0.569673
144.000000 3.259489 -0.122205 -1.015987 0.014369 0.819453 -0.027773 0.572293
145.000000 3.290192 -0.124489 -1.025649 0.013647 0.817507 -0.029510 0.575000
146.000000 3.320001 -0.126891 -1.034943 0.015213 0.815571 -0.031033 0.577623
147.000000 3.348600 -0.129450 -1.044033 0.016521 0.813434 -0.032343 0.580522
148.000000 3.377438 -0.132071 -1.052845 0.015244 0.811498 -0.032864 0.583231
149.000000 3.407985 -0.134600 -1.062073 0.013027 0.809457 -0.032431 0.586138
150.000000 3.439423 -0.136927 -1.071391 0.012107 0.807291 -0.032193 0.589150
151.000000 3.472102 -0.139138 -1.080682 0.013993 0.805296 -0.033487 0.591761
152.000000 3.503577 -0.141625 -1.089365 0.015690 0.803207 -0.034591 0.594487
153.000000 3.535435 -0.144551 -1.097978 0.015857 0.800966 -0.035536 0.597444
154.000000 3.566978 -0.147647 -1.106147 0.015598 0.798786 -0.035492 0.600365
155.000000 3.598545 -0.150646 -1.114049 0.015754 0.796429 -0.034742 0.603528
156.000000 3.630864 -0.153617 -1.121972 0.016454 0.794176 -0.034260 0.606498
157.000000 3.663100 -0.156688 -1.129509 0.017092 0.792008 -0.034105 0.609317
158.000000 3.694957 -0.159794 -1.136510 0.015650 0.789901 -0.035547 0.612003
159.000000 3.726039 -0.162857 -1.143125 0.014032 0.788007 -0.036450 0.614426
160.000000 3.756209 -0.165648 -1.149570 0.014413 0.786678 -0.035996 0.616145
161.000000 3.785304 -0.168291 -1.155822 0.014908 0.785323 -0.035753 0.617873
162.000000 3.814946 -0.170954 -1.161945 0.015617 0.783899 -0.036136 0.619639
163.000000 3.842534 -0.173490 -1.167757 0.017212 0.782246 -0.034072 0.621799
164.000000 3.871722 -0.175880 -1.173867 0.019485 0.780607 -0.030861 0.623956
165.000000 3.901202 -0.178275 -1.179831 0.020468 0.779122 -0.029520 0.625842
166.000000 3.930129 -0.180691 -1.185480 0.020781 0.777710 -0.031073 0.627511
167.000000 3.958548 -0.183188 -1.190934 0.020910 0.776386 -0.033090 0.629042
168.000000 3.987512 -0.185880 -1.196657 0.020263 0.775354 -0.034199 0.630274
169.000000 4.016481 -0.188611 -1.202454 0.020126 0.774609 -0.033992 0.631205
170.000000 4.046170 -0.191355 -1.208382 0.019500 0.774092 -0.031883 0.631969
171.000000 4.076808 -0.193956 -1.214146 0.018322 0.773506 -0.030069 0.632810
172.000000 4.108152 -0.196457 -1.219896 0.017711 0.773185 -0.029762 0.633234
173.000000 4.139247 -0.198905 -1.225329 0.019039 0.773046 -0.032118 0.633251
174.000000 4.169190 -0.201511 -1.230479 0.020071 0.772891 -0.034402 0.633287
175.000000 4.199191 -0.204303 -1.235692 0.019165 0.772639 -0.035769 0.633547
176.000000 4.230064 -0.207188 -1.241203 0.018559 0.772340 -0.036521 0.633887
177.000000 4.260421 -0.210030 -1.246785 0.020224 0.772043 -0.035726 0.634243
178.000000 4.291010 -0.212890 -1.252037 0.021411 0.771696 -0.036810 0.634564
179.000000 4.321309 -0.215864 -1.256940 0.020980 0.771645 -0.039497 0.634479
180.000000 4.353590 -0.219226 -1.262145 0.020104 0.771415 -0.042703 0.634579
181.000000 4.387620 -0.222885 -1.267759 0.020075 0.771154 -0.044931 0.634744
182.000000 4.420732 -0.226454 -1.273328 0.019569 0.770845 -0.045966 0.635061
183.000000 4.453933 -0.230044 -1.278762 0.019145 0.770282 -0.047231 0.635663
184.000000 4.486637 -0.233867 -1.284569 0.020543 0.769690 -0.045258 0.636480
185.000000 4.520988 -0.237865 -1.290592 0.020924 0.768908 -0.042554 0.637599
186.000000 4.557375 -0.241904 -1.296962 0.020845 0.768074 -0.039000 0.638832
187.000000 4.591588 -0.245519 -1.302566 0.022047 0.766782 -0.038019 0.640401
188.000000 4.624503 -0.249163 -1.307431 0.023585 0.765020 -0.040516 0.642298
189.000000 4.656824 -0.253023 -1.312126 0.024377 0.762617 -0.041557 0.645053
190.000000 4.688424 -0.256670 -1.316284 0.024351 0.759961 -0.041392 0.648192
191.000000 4.721495 -0.260319 -1.320155 0.023910 0.756821 -0.038785 0.652033
192.000000 4.754471 -0.263894 -1.323563 0.024609 0.753086 -0.037169 0.656410
193.000000 4.787564 -0.267550 -1.326506 0.026338 0.748665 -0.037230 0.661379
194.000000 4.820513 -0.271205 -1.329054 0.027002 0.743867 -0.037367 0.666735
195.000000 4.852965 -0.274843 -1.331344 0.027564 0.739572 -0.036801 0.671505
196.000000 4.886976 -0.278709 -1.333364 0.028413 0.734904 -0.037041 0.676562
197.000000 4.920629 -0.282831 -1.335139 0.031002 0.729977 -0.038648 0.681674
198.000000 4.953906 -0.287444 -1.336494 0.033115 0.724932 -0.042664 0.686700
199.000000 4.985503 -0.292074 -1.337085 0.034273 0.719891 -0.046653 0.691669
200.000000 5.015543 -0.296752 -1.337278 0.033141 0.715334 -0.048169 0.696333
201.000000 5.047388 -0.301651 -1.336897 0.029613 0.711138 -0.048351 0.700763
202.000000 5.079652 -0.306080 -1.335951 0.026955 0.707224 -0.048623 0.704800
203.000000 5.111445 -0.309643 -1.333838 0.026269 0.704038 -0.052864 0.707705
204.000000 5.142913 -0.313519 -1.331567 0.025768 0.701914 -0.058266 0.709407
205.000000 5.173327 -0.317660 -1.330047 0.024902 0.700579 -0.061201 0.710509
206.000000 5.202899 -0.322077 -1.328947 0.022387 0.700259 -0.061310 0.710899
207.000000 5.233986 -0.326504 -1.327895 0.020185 0.700817 -0.060338 0.710498
208.000000 5.264683 -0.330523 -1.326870 0.018945 0.702019 -0.058822 0.709472
209.000000 5.293866 -0.334074 -1.326111 0.019661 0.702844 -0.058136 0.708692
210.000000 5.323337 -0.337831 -1.325685 0.020354 0.703808 -0.057801 0.707742
211.000000 5.352056 -0.341664 -1.325133 0.020175 0.705287 -0.057385 0.706308
212.000000 5.381575 -0.345424 -1.324562 0.020318 0.707263 -0.057307 0.704331
213.000000 5.410895 -0.349192 -1.324265 0.019623 0.709274 -0.056679 0.702377
214.000000 5.441398 -0.352997 -1.324160 0.019052 0.711405 -0.055503 0.700328
215.000000 5.471333 -0.356604 -1.324095 0.018422 0.713291 -0.056012 0.698383
216.000000 5.500673 -0.360168 -1.323925 0.017952 0.715094 -0.057652 0.696416
217.000000 5.529746 -0.363785 -1.323662 0.018017 0.716594 -0.059531 0.694711
218.000000 5.558564 -0.367369 -1.323439 0.018379 0.717731 -0.060897 0.693409
219.000000 5.586180 -0.370832 -1.323617 0.019500 0.718408 -0.060623 0.692701
220.000000 5.613517 -0.374289 -1.323832 0.019916 0.718358 -0.059270 0.692858
221.000000 5.642071 -0.377761 -1.323732 0.019306 0.717132 -0.057473 0.694295
222.000000 5.671423 -0.381232 -1.323423 0.019276 0.714719 -0.057527 0.696776
223.000000 5.699000 -0.384664 -1.322909 0.019728 0.710874 -0.057935 0.700651
224.000000 5.726461 -0.388076 -1.321820 0.020141 0.706022 -0.057676 0.705550
225.000000 5.754266 -0.391431 -1.320179 0.019239 0.700840 -0.056560 0.710813
226.000000 5.782817 -0.394929 -1.317858 0.016054 0.695174 -0.056330 0.716451
227.000000 5.810296 -0.398266 -1.315477 0.011961 0.689595 -0.055113 0.721996
228.000000 5.838449 -0.401140 -1.312565 0.008859 0.683671 -0.052923 0.727815
229.000000 5.867340 -0.403819 -1.309069 0.006286 0.677338 -0.050394 0.733917
230.000000 5.896057 -0.406389 -1.305067 0.003545 0.670958 -0.049304 0.739845
231.000000 5.924680 -0.408950 -1.300482 0.001792 0.664174 -0.049571 0.745930
232.000000 5.953107 -0.411617 -1.295664 0.001041 0.657397 -0.049367 0.751925
233.000000 5.980377 -0.414008 -1.290229 0.000012 0.650894 -0.049344 0.757563
234.000000 6.007559 -0.416226 -1.284354 -0.002283 0.644894 -0.050033 0.762629
235.000000 6.034706 -0.418324 -1.278327 -0.005079 0.639369 -0.050266 0.767239
236.000000 6.062102 -0.420238 -1.272167 -0.006479 0.634488 -0.049095 0.771345
237.000000 6.090499 -0.421955 -1.265492 -0.006636 0.630251 -0.048114 0.774871
238.000000 6.118608 -0.423368 -1.258362 -0.005937 0.626086 -0.049585 0.778153
239.000000 6.146506 -0.424811 -1.250888 -0.003874 0.622322 -0.052736 0.780973
240.000000 6.174432 -0.426743 -1.242845 -0.000486 0.618033 -0.056537 0.784116
241.000000 6.199453 -0.429136 -1.236026 0.003071 0.614831 -0.057323 0.786567
242.000000 6.221433 -0.431532 -1.229966 0.003461 0.611635 -0.056370 0.789122
243.000000 6.241566 -0.433991 -1.224047 0.000601 0.609077 -0.054706 0.791222
244.000000 6.264612 -0.436612 -1.217436 -0.004546 0.607162 -0.052141 0.792852
245.000000 6.290404 -0.439393 -1.209944 -0.008863 0.606634 -0.049726 0.793375
246.000000 6.315015 -0.441373 -1.203503 -0.007220 0.605636 -0.047970 0.794262
247.000000 6.339178 -0.443105 -1.196800 -0.005149 0.604947 -0.047266 0.794845
248.000000 6.362707 -0.444858 -1.190145 -0.004498 0.603970 -0.045929 0.795670
249.000000 6.386518 -0.446646 -1.182677 -0.006485 0.603217 -0.045245 0.796266
250.000000 6.410643 -0.448236 -1.174971 -0.008555 0.602187 -0.044568 0.797064
251.000000 6.434968 -0.449675 -1.167086 -0.010924 0.601065 -0.043541 0.797938
252.000000 6.459655 -0.450929 -1.159105 -0.011782 0.599197 -0.042317 0.799396
253.000000 6.483912 -0.452078 -1.151064 -0.012298 0.596817 -0.041123 0.801228
254.000000 6.508893 -0.453114 -1.142431 -0.013156 0.593504 -0.039900 0.803734
255.000000 6.534485 -0.454058 -1.133483 -0.013218 0.589554 -0.038919 0.806682
256.000000 6.560784 -0.454954 -1.123719 -0.012893 0.584903 -0.039525 0.810037
257.000000 6.586561 -0.456007 -1.113762 -0.011869 0.579765 -0.040790 0.813675
258.000000 6.610653 -0.457036 -1.104123 -0.011188 0.574983 -0.042201 0.817000
259.000000 6.635202 -0.458026 -1.093982 -0.011092 0.569870 -0.042397 0.820566
260.000000 6.660541 -0.458965 -1.083143 -0.012565 0.564987 -0.041457 0.823962
261.000000 6.686026 -0.459808 -1.071790 -0.013736 0.560365 -0.041163 0.827108
262.000000 6.711398 -0.460665 -1.060359 -0.014594 0.555379 -0.041304 0.830443
263.000000 6.736918 -0.461405 -1.048368 -0.016802 0.551108 -0.042088 0.833202
264.000000 6.762520 -0.462138 -1.036365 -0.018070 0.547761 -0.043516 0.835307
265.000000 6.788148 -0.462974 -1.024669 -0.019462 0.545581 -0.043108 0.836722
266.000000 6.814461 -0.463730 -1.012659 -0.019967 0.544222 -0.041426 0.837680
267.000000 6.840351 -0.464274 -1.000754 -0.017741 0.543782 -0.040383 0.838067
268.000000 6.867106 -0.464960 -0.988540 -0.016011 0.544400 -0.039844 0.837726
269.000000 6.893905 -0.465735 -0.976211 -0.013678 0.544490 -0.039252 0.837737
270.000000 6.920805 -0.466501 -0.963805 -0.012859 0.544607 -0.037553 0.837752
271.000000 6.947938 -0.467254 -0.951194 -0.013753 0.544997 -0.035027 0.837593
272.000000 6.976014 -0.467905 -0.938220 -0.014036 0.545690 -0.033485 0.837200
273.000000 7.004372 -0.468637 -0.925206 -0.014308 0.546319 -0.032727 0.836815
274.000000 7.032928 -0.469366 -0.912341 -0.014240 0.546705 -0.032698 0.836565
275.000000 7.062240 -0.470176 -0.899043 -0.014768 0.547387 -0.033001 0.836098
276.000000 7.092043 -0.471052 -0.885454 -0.014471 0.547857 -0.033885 0.835760
277.000000 7.121213 -0.472161 -0.872093 -0.012728 0.548237 -0.035129 0.835488
278.000000 7.149927 -0.473474 -0.858951 -0.010459 0.548496 -0.036986 0.835270
279.000000 7.177416 -0.474830 -0.845984 -0.009862 0.549333 -0.038233 0.834670
280.000000 7.205463 -0.476381 -0.832819 -0.011770 0.550525 -0.037872 0.833876
281.000000 7.234503 -0.477747 -0.819107 -0.014198 0.551387 -0.037467 0.833287
282.000000 7.264138 -0.478928 -0.805454 -0.015372 0.552763 -0.038539 0.832305
283.000000 7.293138 -0.480140 -0.792548 -0.016258 0.554853 -0.039443 0.830853
284.000000 7.321883 -0.481294 -0.780144 -0.016846 0.557960 -0.039286 0.828766
285.000000 7.351048 -0.482428 -0.768075 -0.016602 0.561830 -0.039414 0.826147
286.000000 7.379437 -0.483569 -0.756827 -0.014570 0.565939 -0.039337 0.823379
287.000000 7.407276 -0.484764 -0.746107 -0.012639 0.570542 -0.039975 0.820198
288.000000 7.434862 -0.486136 -0.735571 -0.013044 0.575336 -0.039899 0.816839
289.000000 7.461670 -0.487544 -0.725834 -0.015353 0.580109 -0.037387 0.813536
290.000000 7.489715 -0.488810 -0.715640 -0.017334 0.584018 -0.033574 0.810861
291.000000 7.518328 -0.489744 -0.705639 -0.018589 0.587141 -0.031236 0.808668
292.000000 7.548085 -0.490374 -0.695327 -0.020432 0.588956 -0.032189 0.807265
293.000000 7.577896 -0.490973 -0.685276 -0.021287 0.589940 -0.032481 0.806513
294.000000 7.607670 -0.491506 -0.675135 -0.021710 0.590369 -0.032663 0.806180
295.000000 7.637125 -0.491918 -0.664901 -0.021017 0.590684 -0.033857 0.805919
296.000000 7.665866 -0.492426 -0.654645 -0.021130 0.591102 -0.035430 0.805541
297.000000 7.695475 -0.493188 -0.644382 -0.021545 0.590884 -0.035452 0.805690
298.000000 7.725511 -0.493881 -0.633808 -0.022515 0.590470 -0.035597 0.805960
299.000000 7.755789 -0.494608 -0.623285 -0.022856 0.589957 -0.035063 0.806349
300.000000 7.785712 -0.495268 -0.613041 -0.022164 0.589197 -0.034235 0.806960
301.000000 7.815521 -0.495951 -0.602512 -0.022543 0.587968 -0.033502 0.807875
302.000000 7.845710 -0.496470 -0.591703 -0.023775 0.586246 -0.033533 0.809090
303.000000 7.876487 -0.496843 -0.580400 -0.026351 0.583956 -0.033170 0.810679
304.000000 7.907862 -0.497060 -0.568846 -0.028513 0.581720 -0.032915 0.812223
305.000000 7.939481 -0.497244 -0.557102 -0.028921 0.579689 -0.033663 0.813628
306.000000 7.970879 -0.497462 -0.544907 -0.028617 0.577793 -0.036639 0.814858
307.000000 8.001710 -0.497768 -0.532719 -0.028446 0.575573 -0.040063 0.816273
308.000000 8.032286 -0.498241 -0.520699 -0.028948 0.573442 -0.042069 0.817653
309.000000 8.063496 -0.498787 -0.508338 -0.030001 0.571383 -0.042772 0.819019
310.000000 8.094850 -0.499185 -0.495659 -0.030162 0.569347 -0.044737 0.820325
311.000000 8.125696 -0.499681 -0.483059 -0.029833 0.567112 -0.046471 0.821787
312.000000 8.156009 -0.500273 -0.470491 -0.030060 0.564857 -0.046806 0.823312
313.000000 8.187022 -0.500895 -0.457479 -0.030680 0.562824 -0.046234 0.824712
314.000000 8.217882 -0.501441 -0.444549 -0.029643 0.560668 -0.045504 0.826258
315.000000 8.248375 -0.501973 -0.431451 -0.028482 0.558567 -0.044955 0.827751
316.000000 8.278079 -0.502554 -0.418499 -0.027565 0.556675 -0.045432 0.829029
317.000000 8.307649 -0.503137 -0.405144 -0.029256 0.554838 -0.046208 0.830159
318.000000 8.337888 -0.503525 -0.391258 -0.031087 0.552644 -0.047701 0.831470
319.000000 8.367498 -0.503958 -0.377661 -0.029674 0.550512 -0.049167 0.832850
320.000000 8.396797 -0.504473 -0.363867 -0.026761 0.548657 -0.051677 0.834020
321.000000 8.425102 -0.505150 -0.350403 -0.025749 0.546918 -0.054767 0.834996
322.000000 8.453726 -0.505853 -0.336667 -0.029191 0.545673 -0.056351 0.835592
323.000000 8.483349 -0.506818 -0.323086 -0.034525 0.544457 -0.053735 0.836354
324.000000 8.513389 -0.507330 -0.309268 -0.037988 0.544428 -0.047979 0.836572
325.000000 8.544015 -0.507247 -0.294666 -0.041320 0.544313 -0.045661 0.836619
326.000000 8.574883 -0.507057 -0.280040 -0.042445 0.543258 -0.045923 0.837234
327.000000 8.605547 -0.506746 -0.265567 -0.040403 0.541534 -0.048124 0.838327
328.000000 8.635482 -0.506772 -0.250923 -0.037446 0.539435 -0.049405 0.839742
329.000000 8.664286 -0.507049 -0.236797 -0.035231 0.537533 -0.050072 0.841017
330.000000 8.692277 -0.507401 -0.222899 -0.033948 0.535557 -0.050155 0.842324
331.000000 8.719912 -0.507680 -0.208955 -0.033143 0.533743 -0.050914 0.843462
332.000000 8.746958 -0.507991 -0.194874 -0.033770 0.532133 -0.050857 0.844457
333.000000 8.775033 -0.508207 -0.180206 -0.035744 0.530794 -0.049378 0.845306
334.000000 8.804018 -0.508140 -0.165054 -0.037802 0.529753 -0.047636 0.845969
335.000000 8.833636 -0.507887 -0.149634 -0.039761 0.528889 -0.046251 0.846496
336.000000 8.863281 -0.507498 -0.134156 -0.041439 0.528095 -0.044914 0.846984
337.000000 8.893775 -0.507030 -0.118346 -0.043664 0.527376 -0.042621 0.847438
338.000000 8.923914 -0.506357 -0.102866 -0.043436 0.526495 -0.042350 0.848011
339.000000 8.954478 -0.505346 -0.086295 -0.041005 0.525621 -0.046656 0.848448
340.000000 8.986397 -0.505086 -0.069137 -0.034762 0.524511 -0.051433 0.849137
341.000000 9.013546 -0.505113 -0.054421 -0.031837 0.523935 -0.055117 0.849377
342.000000 9.041945 -0.505703 -0.039418 -0.033338 0.523936 -0.054689 0.849346
343.000000 9.070610 -0.506133 -0.024323 -0.035821 0.523607 -0.053436 0.849528
344.000000 9.100120 -0.506394 -0.008604 -0.035777 0.522798 -0.052514 0.850085
345.000000 9.128982 -0.506501 0.006621 -0.034118 0.522272 -0.051996 0.850509
346.000000 9.157839 -0.506706 0.022006 -0.033098 0.521631 -0.050223 0.851048
347.000000 9.187285 -0.506901 0.037877 -0.034661 0.521306 -0.048631 0.851278
348.000000 9.215823 -0.506922 0.053481 -0.035948 0.521103 -0.049097 0.851322
349.000000 9.244059 -0.506882 0.068806 -0.035864 0.520354 -0.050325 0.851712
350.000000 9.272876 -0.506954 0.084240 -0.033411 0.519476 -0.051211 0.852294
351.000000 9.301010 -0.507180 0.099465 -0.032211 0.518497 -0.051427 0.852924
352.000000 9.328614 -0.507469 0.114460 -0.032502 0.517618 -0.050201 0.853519
353.000000 9.357346 -0.507685 0.130470 -0.033596 0.516145 -0.049195 0.854427
354.000000 9.385983 -0.507900 0.146638 -0.034199 0.514381 -0.048375 0.855513
355.000000 9.414579 -0.508043 0.162798 -0.033098 0.512271 -0.047651 0.856862
356.000000 9.443183 -0.508263 0.179384 -0.032567 0.510351 -0.048353 0.857988
357.000000 9.471490 -0.508541 0.196068 -0.031863 0.508323 -0.050403 0.859099
358.000000 9.499169 -0.508938 0.212443 -0.030082 0.505489 -0.051719 0.860756
359.000000 9.526737 -0.509512 0.228853 -0.028534 0.501722 -0.051064 0.863049
360.000000 9.553991 -0.510000 0.245439 -0.026973 0.497228 -0.049132 0.865808
361.000000 9.580876 -0.510425 0.262335 -0.025933 0.492278 -0.046747 0.868795
362.000000 9.607104 -0.510644 0.280009 -0.025404 0.486304 -0.046304 0.872192
363.000000 9.633363 -0.510815 0.298482 -0.026836 0.479887 -0.046391 0.875692
364.000000 9.660352 -0.510772 0.317485 -0.028913 0.473423 -0.045209 0.879199
365.000000 9.687709 -0.510632 0.337454 -0.030771 0.466906 -0.044845 0.882633
366.000000 9.714308 -0.510469 0.357495 -0.031919 0.461477 -0.047024 0.885330
367.000000 9.740890 -0.510390 0.378213 -0.032253 0.456867 -0.050697 0.887503
368.000000 9.767194 -0.510458 0.398712 -0.032665 0.453885 -0.054231 0.888809
369.000000 9.794166 -0.510486 0.419879 -0.033738 0.453172 -0.057618 0.888919
370.000000 9.821122 -0.510476 0.440617 -0.033740 0.454887 -0.061499 0.887782
371.000000 9.847861 -0.510737 0.460902 -0.032869 0.458730 -0.065759 0.885529
372.000000 9.874552 -0.511332 0.480367 -0.031532 0.463387 -0.068763 0.882921
373.000000 9.901912 -0.512246 0.499215 -0.029475 0.469113 -0.067996 0.880023
374.000000 9.928877 -0.513185 0.517627 -0.029596 0.474545 -0.066907 0.877186
375.000000 9.957783 -0.513857 0.537448 -0.030103 0.479885 -0.067871 0.874184
376.000000 9.986667 -0.514676 0.555942 -0.029083 0.484686 -0.066261 0.871690
377.000000 10.015390 -0.515576 0.573830 -0.026219 0.488852 -0.064951 0.869550
378.000000 10.044677 -0.516645 0.591526 -0.024451 0.493161 -0.064263 0.867216
379.000000 10.073916 -0.517833 0.609274 -0.023488 0.496457 -0.065313 0.865282
380.000000 10.103392 -0.519289 0.627020 -0.025041 0.499666 -0.066248 0.863318
381.000000 10.133512 -0.520598 0.645324 -0.027709 0.502377 -0.066267 0.861660
382.000000 10.164213 -0.521634 0.663679 -0.030422 0.505305 -0.065410 0.859920
383.000000 10.196077 -0.522604 0.682509 -0.031563 0.507473 -0.064227 0.858691
384.000000 10.226218 -0.523360 0.700341 -0.031098 0.509158 -0.066447 0.857540
385.000000 10.255681 -0.524514 0.717688 -0.029025 0.509908 -0.071185 0.856787
386.000000 10.282800 -0.525934 0.733326 -0.024214 0.510237 -0.075269 0.856392
387.000000 10.309886 -0.527684 0.748605 -0.020764 0.509609 -0.076678 0.856731
388.000000 10.336960 -0.529567 0.763885 -0.022663 0.509254 -0.077393 0.856830
389.000000 10.364401 -0.531300 0.779180 -0.024550 0.509515 -0.076966 0.856661
390.000000 10.390603 -0.532783 0.793826 -0.024790 0.509322 -0.075527 0.856897
391.000000 10.417608 -0.534168 0.809248 -0.024379 0.508905 -0.073417 0.857340
392.000000 10.444861 -0.535408 0.825380 -0.025386 0.508325 -0.072570 0.857727
393.000000 10.472484 -0.536685 0.841812 -0.025497 0.506681 -0.072621 0.858691
394.000000 10.499864 -0.537933 0.858432 -0.025500 0.504748 -0.073140 0.859785
395.000000 10.527285 -0.539081 0.875095 -0.025612 0.503120 -0.073602 0.860696
396.000000 10.554929 -0.540165 0.892222 -0.026540 0.501308 -0.074869 0.861615
397.000000 10.582134 -0.541400 0.908936 -0.025558 0.499074 -0.075891 0.862852
398.000000 10.608938 -0.542637 0.925631 -0.022965 0.496814 -0.075286 0.864281
399.000000 10.635496 -0.543987 0.942382 -0.020698 0.494088 -0.075491 0.865881
400.000000 10.661120 -0.545449 0.958957 -0.019765 0.490835 -0.076153 0.867693
401.000000 10.686127 -0.546787 0.975706 -0.020969 0.487256 -0.076994 0.869605
402.000000 10.712074 -0.547870 0.993493 -0.024375 0.484134 -0.077077 0.871251
403.000000 10.738584 -0.548901 1.011423 -0.027969 0.480683 -0.076767 0.873080
404.000000 10.765787 -0.549779 1.030111 -0.031773 0.477053 -0.077258 0.874895
405.000000 10.793562 -0.550595 1.049237 -0.033476 0.473419 -0.077257 0.876804
406.000000 10.821464 -0.551356 1.068541 -0.031401 0.469152 -0.076256 0.879258
407.000000 10.848735 -0.552276 1.087906 -0.027946 0.464651 -0.076437 0.881746
408.000000 10.874596 -0.553442 1.106904 -0.024564 0.460062 -0.078925 0.884031
409.000000 10.899290 -0.554849 1.125204 -0.021172 0.456014 -0.079351 0.886175
410.000000 10.923154 -0.556283 1.143363 -0.018258 0.452286 -0.078326 0.888239
411.000000 10.945791 -0.557800 1.160809 -0.017430 0.448607 -0.076441 0.890283
412.000000 10.967220 -0.559176 1.177893 -0.019325 0.445041 -0.075770 0.892090
413.000000 10.990307 -0.560395 1.196364 -0.022219 0.441318 -0.073441 0.894065
414.000000 11.014378 -0.561304 1.216008 -0.024099 0.437730 -0.071153 0.895962
415.000000 11.038973 -0.562096 1.236672 -0.025077 0.434281 -0.069842 0.897716
416.000000 11.062666 -0.562812 1.257096 -0.025998 0.430645 -0.070427 0.899394
417.000000 11.086094 -0.563581 1.277274 -0.027543 0.427007 -0.071588 0.900989
418.000000 11.110125 -0.564258 1.297772 -0.028703 0.424011 -0.072178 0.902320
419.000000 11.134732 -0.564791 1.319125 -0.028323 0.421514 -0.072295 0.903491
420.000000 11.159100 -0.565264 1.340717 -0.025025 0.419161 -0.070278 0.904842
421.000000 11.182719 -0.566061 1.362433 -0.023327 0.416207 -0.070151 0.906260
422.000000 11.205473 -0.567117 1.383370 -0.023551 0.413662 -0.071076 0.907347
423.000000 11.228616 -0.568042 1.405039 -0.026180 0.411121 -0.073040 0.908273
424.000000 11.252745 -0.568838 1.427726 -0.029448 0.408980 -0.074649 0.909008
425.000000 11.277119 -0.569322 1.450864 -0.030573 0.406996 -0.076269 0.909727
426.000000 11.302116 -0.569805 1.474705 -0.030317 0.405043 -0.077909 0.910468
427.000000 11.326377 -0.570388 1.497809 -0.028267 0.402991 -0.078822 0.911365
428.000000 11.350189 -0.571429 1.520687 -0.027263 0.400486 -0.078607 0.912518
429.000000 11.372975 -0.572426 1.542991 -0.026871 0.398086 -0.078000 0.913631
430.000000 11.395375 -0.573309 1.565119 -0.026538 0.395474 -0.076848 0.914872
431.000000 11.417521 -0.574147 1.587345 -0.025896 0.392649 -0.075646 0.916206
432.000000 11.440184 -0.575012 1.610059 -0.024969 0.390201 -0.072505 0.917531
433.000000 11.463454 -0.575877 1.633961 -0.026091 0.387636 -0.071259 0.918684
434.000000 11.486730 -0.576434 1.657863 -0.026014 0.385714 -0.070210 0.919575
435.000000 11.510039 -0.576994 1.682098 -0.024860 0.383370 -0.070242 0.920584
436.000000 11.533677 -0.577711 1.707091 -0.025123 0.380935 -0.071149 0.921518
437.000000 11.555890 -0.578315 1.730347 -0.024216 0.378410 -0.069713 0.922692
438.000000 11.578294 -0.579026 1.754629 -0.025885 0.375530 -0.069990 0.923801
439.000000 11.599269 -0.579519 1.777495 -0.024042 0.373224 -0.069310 0.924836
440.000000 11.620644 -0.580333 1.800778 -0.024306 0.370726 -0.068235 0.925913
441.000000 11.642707 -0.580983 1.825690 -0.026196 0.368645 -0.069142 0.926625
442.000000 11.665326 -0.581476 1.851075 -0.028558 0.366978 -0.070189 0.927138
443.000000 11.687634 -0.581818 1.876186 -0.029570 0.365381 -0.070919 0.927681
444.000000 11.710406 -0.582216 1.902084 -0.031883 0.364182 -0.070700 0.928093
445.000000 11.733099 -0.582426 1.928252 -0.031694 0.363204 -0.071163 0.928447
446.000000 11.755387 -0.582579 1.953755 -0.028929 0.362240 -0.071299 0.928903
447.000000 11.776922 -0.582867 1.978618 -0.024398 0.361928 -0.071877 0.929111
448.000000 11.798506 -0.583682 2.003170 -0.024949 0.361922 -0.072258 0.929069
449.000000 11.820373 -0.584484 2.027754 -0.026322 0.362472 -0.072697 0.928782
450.000000 11.842868 -0.585160 2.053183 -0.028713 0.363518 -0.072517 0.928316
451.000000 11.866216 -0.585639 2.079712 -0.028979 0.365489 -0.072100 0.927566
452.000000 11.889348 -0.586059 2.105638 -0.028848 0.368126 -0.072581 0.926490
453.000000 11.911742 -0.586511 2.130222 -0.026867 0.370753 -0.075266 0.925287
454.000000 11.933892 -0.587224 2.154540 -0.025450 0.374205 -0.077364 0.923763
455.000000 11.955202 -0.588149 2.177583 -0.024030 0.377886 -0.078093 0.922240
456.000000 11.976791 -0.588986 2.200464 -0.024069 0.382023 -0.078289 0.920516
457.000000 11.998924 -0.589873 2.223370 -0.023363 0.385802 -0.078137 0.918970
458.000000 12.021915 -0.590693 2.246674 -0.025199 0.389726 -0.078114 0.917266
459.000000 12.045895 -0.591380 2.270371 -0.027944 0.393892 -0.077880 0.915425
460.000000 12.070931 -0.591877 2.294896 -0.030546 0.398428 -0.077816 0.913382
461.000000 12.095620 -0.592597 2.318850 -0.028719 0.402415 -0.079525 0.911545
462.000000 12.121129 -0.593594 2.342652 -0.025248 0.405655 -0.081333 0.910050
463.000000 12.145977 -0.594857 2.365543 -0.022280 0.408780 -0.082099 0.908659
464.000000 12.170628 -0.596153 2.388227 -0.021907 0.412228 -0.081382 0.907174
465.000000 12.195030 -0.597459 2.410470 -0.022151 0.415537 -0.080410 0.905744
466.000000 12.219280 -0.598663 2.432400 -0.022360 0.418724 -0.080000 0.904306
467.000000 12.244536 -0.599895 2.454939 -0.022500 0.421625 -0.079711 0.902980
468.000000 12.269770 -0.601143 2.477217 -0.022972 0.424304 -0.079920 0.901693
469.000000 12.295687 -0.602434 2.499845 -0.023775 0.426946 -0.081050 0.900324
470.000000 12.321775 -0.603734 2.522084 -0.024073 0.429330 -0.082214 0.899075
471.000000 12.347750 -0.605090 2.544032 -0.024052 0.431318 -0.082988 0.898053
472.000000 12.373881 -0.606477 2.565977 -0.023464 0.433448 -0.083603 0.896985
473.000000 12.399826 -0.607867 2.587459 -0.023467 0.435556 -0.084446 0.895885
474.000000 12.426025 -0.609337 2.609078 -0.022571 0.437519 -0.084137 0.894980
475.000000 12.451899 -0.610681 2.630286 -0.022752 0.439450 -0.084341 0.894009
476.000000 12.477725 -0.612021 2.651329 -0.022448 0.441545 -0.084304 0.892988
477.000000 12.504422 -0.613472 2.673108 -0.023108 0.443469 -0.085159 0.891936
478.000000 12.531252 -0.614960 2.694663 -0.023529 0.445584 -0.085814 0.890807
479.000000 12.558544 -0.616560 2.716371 -0.023190 0.447355 -0.086936 0.889819
480.000000 12.585440 -0.618224 2.737565 -0.021605 0.449262 -0.088104 0.888783
481.000000 12.611837 -0.620031 2.758128 -0.021106 0.450841 -0.087802 0.888025
482.000000 12.640093 -0.622065 2.780173 -0.022222 0.451779 -0.085796 0.887717
483.000000 12.669511 -0.624020 2.802933 -0.024973 0.452609 -0.082400 0.887542
484.000000 12.698126 -0.625544 2.824921 -0.026561 0.453542 -0.079918 0.887247
485.000000 12.726885 -0.627008 2.846726 -0.024687 0.453922 -0.079267 0.887165
486.000000 12.755348 -0.628445 2.868140 -0.020769 0.454221 -0.080477 0.887004
487.000000 12.782030 -0.630115 2.888172 -0.016813 0.454338 -0.081550 0.886930
488.000000 12.808905 -0.632063 2.908343 -0.014903 0.454684 -0.081083 0.886829
489.000000 12.835972 -0.634037 2.928586 -0.014954 0.455451 -0.079259 0.886600
490.000000 12.864207 -0.636146 2.949471 -0.015459 0.455937 -0.076158 0.886613
491.000000 12.892651 -0.638197 2.970503 -0.015979 0.456147 -0.073530 0.886718
492.000000 12.921342 -0.640137 2.991889 -0.016306 0.456462 -0.071525 0.886713
493.000000 12.950587 -0.642104 3.013406 -0.015989 0.456419 -0.070233 0.886845
494.000000 12.979644 -0.644144 3.035066 -0.014514 0.456130 -0.070554 0.886993
495.000000 13.007866 -0.646230 3.056148 -0.012811 0.455831 -0.070446 0.887182
496.000000 13.036502 -0.648259 3.077574 -0.012609 0.455618 -0.069450 0.887373
497.000000 13.065099 -0.650186 3.099011 -0.013437 0.455636 -0.067817 0.887477
498.000000 13.093648 -0.652106 3.120437 -0.013172 0.455731 -0.066788 0.887511
499.000000 13.121763 -0.654118 3.141584 -0.012011 0.455936 -0.066871 0.887415
500.000000 13.149030 -0.656215 3.162153 -0.011332 0.456253 -0.067451 0.887217
501.000000 13.175693 -0.658304 3.182013 -0.011317 0.456470 -0.067047 0.887137
502.000000 13.203392 -0.660370 3.202666 -0.012059 0.456398 -0.066280 0.887222
503.000000 13.231112 -0.662256 3.223451 -0.012093 0.456142 -0.065145 0.887437
504.000000 13.258809 -0.664007 3.244307 -0.011747 0.455971 -0.063718 0.887633
505.000000 13.286008 -0.665691 3.264590 -0.010843 0.455895 -0.061327 0.887852
506.000000 13.313442 -0.667446 3.284876 -0.009993 0.455568 -0.058160 0.888243
507.000000 13.340882 -0.669284 3.305311 -0.008360 0.455159 -0.054896 0.888677
508.000000 13.367802 -0.671045 3.325390 -0.008404 0.454613 -0.052725 0.889088
509.000000 13.394982 -0.672746 3.345769 -0.008042 0.453969 -0.051073 0.889516
510.000000 13.421196 -0.674415 3.365393 -0.008394 0.453242 -0.049862 0.889952
511.000000 13.447500 -0.676052 3.385277 -0.007959 0.452457 -0.049216 0.890391
512.000000 13.473686 -0.677707 3.405022 -0.007501 0.451601 -0.048291 0.890881
513.000000 13.499280 -0.679247 3.424513 -0.007218 0.450661 -0.047231 0.891416
514.000000 13.524279 -0.680748 3.443669 -0.007945 0.449953 -0.046129 0.891825
515.000000 13.549448 -0.682122 3.463071 -0.009956 0.449496 -0.045468 0.892069
516.000000 13.575653 -0.683250 3.483473 -0.013463 0.449667 -0.045297 0.891945
517.000000 13.601388 -0.684261 3.503548 -0.016497 0.449776 -0.045866 0.891810
518.000000 13.626864 -0.685092 3.523446 -0.018419 0.450047 -0.047590 0.891546
519.000000 13.652076 -0.685925 3.543093 -0.020064 0.450313 -0.049682 0.891262
520.000000 13.676761 -0.686876 3.562198 -0.020965 0.450518 -0.052120 0.890998
521.000000 13.701112 -0.687892 3.580802 -0.021102 0.450681 -0.053747 0.890816
522.000000 13.724814 -0.688997 3.598845 -0.020378 0.450645 -0.054575 0.890800
523.000000 13.748146 -0.690134 3.616639 -0.019304 0.450630 -0.054613 0.890830
524.000000 13.771349 -0.691252 3.634390 -0.018952 0.450954 -0.054277 0.890694
525.000000 13.794588 -0.692352 3.652330 -0.018481 0.451220 -0.054363 0.890563
526.000000 13.817225 -0.693400 3.669577 -0.018022 0.451975 -0.054278 0.890195
527.000000 13.839434 -0.694444 3.686280 -0.018141 0.453543 -0.054425 0.889386
528.000000 13.861737 -0.695391 3.702878 -0.019130 0.455956 -0.055389 0.888071
529.000000 13.884693 -0.696418 3.719400 -0.018910 0.458939 -0.055051 0.886559
530.000000 13.908015 -0.697499 3.736052 -0.018018 0.461749 -0.055524 0.885088
531.000000 13.931624 -0.698726 3.752471 -0.014969 0.464744 -0.056561 0.883510
532.000000 13.953696 -0.700071 3.767941 -0.012808 0.468035 -0.058692 0.881666
533.000000 13.974910 -0.701516 3.782450 -0.011666 0.472336 -0.060055 0.879293
534.000000 13.995727 -0.702979 3.796311 -0.012775 0.477420 -0.060766 0.876478
535.000000 14.016298 -0.704495 3.809690 -0.016776 0.482190 -0.060406 0.873820
536.000000 14.037295 -0.705767 3.823027 -0.018691 0.487177 -0.059167 0.871096
537.000000 14.059577 -0.706926 3.836968 -0.019611 0.492354 -0.057556 0.868268
538.000000 14.082389 -0.708085 3.850670 -0.019034 0.497347 -0.055785 0.865547
539.000000 14.105190 -0.709271 3.863956 -0.016809 0.501876 -0.054439 0.863061
540.000000 14.127993 -0.710631 3.876849 -0.013311 0.505299 -0.053467 0.861183
541.000000 14.149989 -0.712076 3.888936 -0.009577 0.508105 -0.052154 0.859661
542.000000 14.171784 -0.713583 3.900730 -0.007345 0.510600 -0.050149 0.858323
543.000000 14.193710 -0.715128 3.912351 -0.007692 0.512766 -0.047145 0.857198
544.000000 14.217187 -0.715990 3.924682 -0.012505 0.514899 -0.042104 0.856125
545.000000 14.240750 -0.716029 3.936967 -0.018475 0.516579 -0.037129 0.855235
546.000000 14.264518 -0.716097 3.949209 -0.022982 0.519331 -0.033135 0.853621
547.000000 14.289504 -0.716219 3.962044 -0.024145 0.521238 -0.031771 0.852478
548.000000 14.313634 -0.716264 3.974370 -0.023345 0.523281 -0.031727 0.851249
549.000000 14.338984 -0.716488 3.987095 -0.021690 0.525708 -0.031650 0.849800
550.000000 14.362077 -0.716848 3.998453 -0.021614 0.528103 -0.030209 0.848368
551.000000 14.386045 -0.717162 4.010143 -0.022795 0.530549 -0.028591 0.846865
552.000000 14.409894 -0.717266 4.021755 -0.023033 0.533243 -0.025875 0.845252
553.000000 14.434717 -0.717414 4.033802 -0.022080 0.535670 -0.023483 0.843812
554.000000 14.460453 -0.717677 4.046119 -0.020124 0.538057 -0.022638 0.842364
555.000000 14.485885 -0.717999 4.057957 -0.018918 0.540601 -0.022341 0.840769
556.000000 14.511338 -0.718320 4.069552 -0.018631 0.543346 -0.022385 0.839003
557.000000 14.537146 -0.718574 4.080958 -0.018343 0.546755 -0.022510 0.836789
558.000000 14.562718 -0.718857 4.092063 -0.017481 0.550518 -0.022358 0.834341
559.000000 14.588673 -0.719251 4.103011 -0.016240 0.554833 -0.021603 0.831523
560.000000 14.614333 -0.719752 4.113587 -0.015401 0.559303 -0.020685 0.828562
561.000000 14.640241 -0.720252 4.124229 -0.015665 0.563692 -0.020221 0.825589
562.000000 14.667513 -0.720972 4.134739 -0.013775 0.567969 -0.020098 0.822689
563.000000 14.694490 -0.721855 4.145049 -0.010956 0.572281 -0.021295 0.819708
564.000000 14.722043 -0.722968 4.155044 -0.007453 0.577085 -0.024941 0.816269
565.000000 14.750036 -0.724161 4.165293 -0.006296 0.583232 -0.030506 0.811708
566.000000 14.778647 -0.725443 4.174871 -0.004652 0.590255 -0.033618 0.806503
567.000000 14.808102 -0.727185 4.183629 -0.001754 0.597900 -0.033557 0.800866
568.000000 14.837799 -0.729157 4.191622 0.001641 0.606140 -0.033375 0.794656
569.000000 14.866933 -0.731299 4.198463 0.006506 0.614081 -0.033089 0.788522
570.000000 14.895051 -0.733524 4.204389 0.012425 0.621653 -0.032264 0.782529
571.000000 14.922342 -0.735828 4.209524 0.017641 0.629116 -0.030073 0.776529
572.000000 14.948537 -0.738148 4.214239 0.020224 0.636211 -0.027848 0.770747
573.000000 14.974456 -0.740305 4.218853 0.020039 0.642910 -0.024974 0.765272
574.000000 15.001522 -0.742399 4.223466 0.017533 0.648585 -0.021691 0.760631
575.000000 15.029725 -0.744312 4.228065 0.014894 0.653776 -0.017717 0.756334
576.000000 15.058424 -0.746224 4.232349 0.013087 0.657438 -0.015012 0.753245
577.000000 15.086278 -0.748119 4.236044 0.012622 0.660026 -0.014494 0.750997
578.000000 15.114092 -0.749951 4.239711 0.011441 0.662724 -0.014438 0.748638
579.000000 15.142833 -0.751675 4.243421 0.009698 0.665627 -0.013259 0.746104
580.000000 15.174192 -0.753242 4.247408 0.007682 0.668126 -0.014055 0.743875
581.000000 15.208184 -0.754673 4.252078 0.009162 0.670735 -0.022263 0.741306
582.000000 15.236320 -0.756397 4.255555 0.013840 0.673379 -0.030191 0.738551
583.000000 15.267384 -0.759211 4.259094 0.019225 0.674703 -0.036079 0.736957
584.000000 15.296608 -0.762193 4.262567 0.016600 0.676445 -0.038089 0.735320
585.000000 15.328167 -0.765441 4.265933 0.010482 0.677099 -0.037921 0.734839
586.000000 15.358176 -0.768014 4.269620 0.006139 0.676718 -0.038224 0.735224
587.000000 15.390422 -0.770523 4.273774 0.008971 0.675777 -0.044445 0.735710
588.000000 15.420928 -0.773172 4.278138 0.014786 0.675175 -0.052242 0.735657
589.000000 15.452377 -0.776751 4.283130 0.020605 0.672774 -0.061285 0.737018
590.000000 15.479549 -0.780176 4.287086 0.017460 0.671707 -0.062172 0.737997
591.000000 15.511768 -0.784020 4.292129 0.010373 0.671326 -0.060695 0.738600
592.000000 15.541895 -0.787463 4.296625 0.007294 0.671169 -0.059094 0.738910
593.000000 15.569664 -0.790464 4.300275 0.009822 0.670405 -0.060214 0.739483
594.000000 15.597001 -0.793612 4.303842 0.014577 0.669496 -0.062114 0.740071
595.000000 15.624268 -0.797026 4.307424 0.018084 0.668311 -0.063168 0.740974
596.000000 15.651182 -0.800609 4.310860 0.019697 0.667354 -0.062592 0.741844
597.000000 15.677704 -0.804088 4.314517 0.022715 0.667381 -0.062749 0.741720
598.000000 15.703408 -0.807662 4.318196 0.024987 0.667785 -0.064961 0.741093
599.000000 15.728959 -0.811384 4.321517 0.026094 0.668070 -0.067048 0.740612
600.000000 15.754422 -0.815044 4.325089 0.025491 0.668868 -0.070087 0.739631
601.000000 15.779891 -0.818677 4.328453 0.025145 0.671605 -0.072677 0.736908
602.000000 15.805420 -0.822396 4.331291 0.025351 0.676507 -0.074535 0.732216
603.000000 15.831296 -0.826348 4.333506 0.026061 0.683115 -0.075833 0.725895
604.000000 15.856078 -0.830259 4.334773 0.027893 0.689796 -0.075055 0.719562
605.000000 15.880470 -0.834134 4.335411 0.030415 0.696568 -0.072643 0.713155
606.000000 15.904900 -0.838228 4.335507 0.032346 0.702789 -0.071411 0.707065
607.000000 15.928470 -0.842277 4.335076 0.034661 0.708736 -0.070429 0.701093
608.000000 15.952529 -0.846332 4.334235 0.035844 0.714803 -0.069558 0.694934
609.000000 15.976247 -0.850250 4.333110 0.035510 0.721433 -0.069464 0.688076
610.000000 15.999672 -0.854111 4.331672 0.034765 0.728357 -0.069468 0.680780
611.000000 16.021635 -0.857843 4.329738 0.036683 0.734521 -0.068670 0.674105
612.000000 16.043397 -0.861685 4.327484 0.041174 0.739814 -0.068808 0.668016
613.000000 16.063546 -0.865284 4.324868 0.047976 0.745105 -0.069746 0.661553
614.000000 16.083307 -0.869089 4.321874 0.054488 0.749666 -0.071243 0.655710
615.000000 16.100751 -0.872630 4.319188 0.058070 0.753468 -0.073996 0.650722
616.000000 16.116844 -0.875975 4.316480 0.059714 0.756501 -0.076201 0.646787
617.000000 16.132871 -0.879285 4.313581 0.061708 0.759534 -0.076798 0.642964
618.000000 16.147263 -0.882300 4.310832 0.064126 0.762163 -0.075483 0.639763
619.000000 16.161289 -0.885169 4.307853 0.067417 0.763897 -0.072488 0.637700
620.000000 16.174316 -0.887834 4.304903 0.069959 0.765503 -0.069041 0.635881
621.000000 16.188521 -0.890959 4.302115 0.069043 0.767125 -0.068212 0.634113
622.000000 16.200220 -0.893279 4.300456 0.066144 0.768787 -0.069887 0.632224
623.000000 16.211129 -0.895359 4.298900 0.063751 0.770253 -0.071074 0.630551
624.000000 16.221800 -0.897338 4.297022 0.062492 0.771589 -0.071250 0.629022
625.000000 16.231324 -0.898919 4.294841 0.064125 0.772261 -0.071331 0.628023
626.000000 16.240123 -0.900314 4.292669 0.066777 0.772525 -0.070780 0.627484
627.000000 16.247954 -0.901631 4.290743 0.069121 0.772538 -0.070065 0.627294
628.000000 16.255838 -0.903073 4.289038 0.070502 0.772071 -0.070691 0.627646
629.000000 16.263912 -0.904501 4.287559 0.070784 0.771222 -0.072357 0.628467
630.000000 16.271679 -0.906075 4.285812 0.071600 0.770308 -0.071344 0.629611
631.000000 16.281124 -0.907857 4.283494 0.073106 0.768808 -0.066889 0.631756
632.000000 16.292191 -0.909713 4.280756 0.075377 0.766525 -0.062308 0.634725
633.000000 16.303318 -0.911612 4.278657 0.076769 0.765051 -0.062457 0.636320
634.000000 16.313194 -0.913285 4.277011 0.076722 0.763517 -0.063975 0.638015
635.000000 16.323145 -0.915054 4.275653 0.075703 0.761851 -0.066215 0.639896
636.000000 16.333797 -0.916949 4.274252 0.075234 0.759968 -0.068126 0.641987
637.000000 16.344706 -0.918901 4.272717 0.075466 0.757791 -0.068595 0.644478
638.000000 16.356583 -0.921098 4.271213 0.075467 0.755652 -0.068450 0.647000
639.000000 16.370489 -0.923769 4.269674 0.073099 0.752980 -0.069085 0.650311
640.000000 16.384694 -0.926469 4.268531 0.068793 0.750016 -0.071265 0.653961
641.000000 16.397801 -0.928790 4.267701 0.066076 0.747116 -0.073337 0.657323
642.000000 16.412049 -0.931415 4.266395 0.065748 0.743959 -0.073158 0.660947
643.000000 16.426525 -0.933814 4.264973 0.067676 0.739741 -0.071469 0.665654
644.000000 16.442032 -0.936519 4.263669 0.068933 0.735512 -0.069676 0.670384
645.000000 16.459630 -0.939561 4.262715 0.069501 0.729709 -0.068989 0.676708
646.000000 16.475882 -0.942219 4.262463 0.070656 0.724013 -0.069351 0.682645
647.000000 16.492800 -0.945144 4.262758 0.070371 0.717518 -0.069539 0.689478
648.000000 16.511259 -0.948424 4.263706 0.069321 0.710008 -0.070345 0.697234
649.000000 16.528817 -0.951666 4.265254 0.068967 0.702658 -0.072169 0.704490
650.000000 16.547211 -0.955163 4.267442 0.068795 0.694763 -0.074505 0.712054
651.000000 16.567158 -0.959087 4.270457 0.067702 0.686206 -0.077438 0.720098
652.000000 16.586422 -0.962952 4.273870 0.066390 0.677933 -0.080936 0.727632
653.000000 16.605609 -0.966763 4.277751 0.064469 0.668555 -0.084109 0.736073
654.000000 16.624477 -0.970536 4.281733 0.062885 0.659602 -0.085408 0.744094
655.000000 16.644425 -0.974361 4.286505 0.061830 0.650481 -0.086119 0.752087
656.000000 16.666282 -0.978464 4.292532 0.061169 0.640380 -0.086934 0.760667
657.000000 16.688015 -0.982615 4.299090 0.060007 0.630233 -0.087987 0.769067
658.000000 16.709932 -0.986902 4.306321 0.058439 0.620396 -0.089902 0.776924
659.000000 16.731636 -0.991274 4.313960 0.057804 0.610637 -0.091439 0.784487
660.000000 16.752507 -0.995436 4.321627 0.057509 0.601540 -0.091983 0.791442
661.000000 16.773159 -0.999569 4.329384 0.056989 0.593295 -0.092024 0.797675
662.000000 16.794896 -1.004054 4.337918 0.056211 0.584997 -0.092493 0.803781
663.000000 16.816062 -1.008509 4.346596 0.055666 0.577300 -0.093180 0.809286
664.000000 16.836489 -1.012825 4.355360 0.055223 0.570061 -0.094106 0.814324
665.000000 16.857239 -1.017137 4.364687 0.055096 0.562620 -0.094642 0.819431
666.000000 16.878527 -1.021410 4.374749 0.055376 0.554953 -0.094277 0.824665
667.000000 16.900610 -1.025856 4.385566 0.056256 0.547078 -0.093244 0.829968
668.000000 16.922186 -1.030319 4.396546 0.057122 0.539148 -0.092394 0.835176
669.000000 16.942740 -1.034759 4.407406 0.057152 0.531962 -0.092572 0.839750
670.000000 16.963962 -1.039537 4.419088 0.056599 0.525144 -0.093833 0.843929
671.000000 16.984274 -1.044180 4.430693 0.055798 0.519299 -0.095249 0.847433
672.000000 17.004277 -1.048718 4.442518 0.054472 0.514120 -0.096235 0.850560
673.000000 17.024564 -1.053224 4.454792 0.052945 0.509711 -0.097101 0.853207
674.000000 17.044812 -1.057636 4.467305 0.051343 0.506432 -0.097490 0.855211
675.000000 17.065384 -1.062051 4.480100 0.050141 0.503642 -0.097721 0.856902
676.000000 17.085888 -1.066483 4.492857 0.049633 0.501404 -0.098350 0.858171
677.000000 17.105961 -1.070875 4.505446 0.049304 0.499751 -0.099108 0.859067
678.000000 17.126591 -1.075322 4.518391 0.048998 0.498326 -0.099873 0.859823
679.000000 17.147472 -1.079846 4.531409 0.049084 0.496941 -0.100660 0.860528
680.000000 17.168485 -1.084439 4.544582 0.049687 0.495457 -0.100925 0.861317
681.000000 17.189919 -1.089138 4.558136 0.050908 0.493982 -0.100995 0.862085
682.000000 17.211323 -1.093894 4.571807 0.051977 0.492715 -0.101072 0.862737
683.000000 17.232826 -1.098825 4.585656 0.052745 0.491534 -0.101470 0.863317
684.000000 17.254588 -1.103892 4.599835 0.053733 0.490346 -0.101957 0.863874
685.000000 17.276049 -1.108845 4.613888 0.054810 0.489276 -0.101659 0.864448
686.000000 17.298046 -1.113909 4.628260 0.055858 0.488432 -0.101173 0.864915
687.000000 17.319921 -1.119050 4.642567 0.056815 0.487601 -0.100731 0.865373
688.000000 17.341779 -1.124501 4.657024 0.057761 0.486922 -0.101830 0.865564
689.000000 17.363595 -1.130015 4.671426 0.059285 0.486365 -0.102579 0.865686
690.000000 17.385168 -1.135509 4.685716 0.060617 0.486078 -0.103393 0.865658
691.000000 17.407129 -1.140953 4.700362 0.060249 0.485932 -0.103460 0.865757
692.000000 17.430111 -1.146515 4.715470 0.059348 0.486011 -0.102906 0.865841
693.000000 17.453240 -1.152152 4.730599 0.058261 0.485848 -0.102906 0.866007
694.000000 17.476453 -1.157954 4.745844 0.058586 0.485304 -0.103321 0.866240
695.000000 17.499367 -1.163799 4.761074 0.059390 0.484601 -0.103228 0.866590
696.000000 17.522304 -1.169619 4.776464 0.060424 0.484320 -0.102617 0.866749
697.000000 17.545409 -1.175395 4.791913 0.061018 0.484121 -0.101708 0.866925
698.000000 17.568641 -1.181218 4.807345 0.061678 0.484018 -0.100884 0.867032
699.000000 17.592092 -1.187300 4.822939 0.061863 0.483765 -0.100660 0.867186
700.000000 17.615964 -1.193563 4.838900 0.062132 0.483360 -0.100952 0.867359
701.000000 17.639727 -1.199851 4.854846 0.062404 0.482835 -0.101619 0.867554
702.000000 17.663799 -1.206179 4.870959 0.062125 0.482370 -0.102104 0.867776
703.000000 17.688330 -1.212453 4.887229 0.061658 0.482325 -0.102236 0.867818
704.000000 17.712912 -1.218704 4.903769 0.060731 0.482967 -0.103652 0.867359
705.000000 17.737606 -1.225060 4.920128 0.060992 0.483756 -0.105469 0.866681
706.000000 17.762525 -1.231684 4.936520 0.061806 0.484969 -0.107805 0.865658
707.000000 17.787485 -1.238441 4.952618 0.062134 0.487580 -0.110327 0.863848
708.000000 17.812742 -1.245291 4.968623 0.062275 0.491655 -0.112990 0.861180
709.000000 17.837694 -1.252182 4.984082 0.062459 0.496866 -0.115605 0.857822
710.000000 17.862675 -1.259098 4.999251 0.062332 0.503228 -0.117298 0.853884
711.000000 17.888562 -1.266173 5.014236 0.061820 0.510435 -0.117327 0.849629
712.000000 17.914822 -1.273329 5.028907 0.060651 0.517925 -0.116799 0.845241
713.000000 17.941254 -1.280555 5.042981 0.061062 0.525351 -0.116915 0.840600
714.000000 17.967810 -1.287938 5.056462 0.063134 0.532523 -0.117521 0.835836
715.000000 17.994166 -1.295314 5.069222 0.065409 0.540130 -0.118640 0.830606
716.000000 18.021304 -1.302891 5.081676 0.066996 0.548383 -0.118877 0.825019
717.000000 18.049003 -1.310556 5.093807 0.067423 0.558010 -0.117843 0.818652
718.000000 18.077572 -1.318473 5.105533 0.068176 0.567832 -0.116602 0.811987
719.000000 18.105866 -1.326463 5.116605 0.070394 0.577124 -0.117462 0.805093
720.000000 18.133777 -1.334632 5.126663 0.073795 0.587575 -0.119878 0.796831
721.000000 18.161605 -1.342997 5.135573 0.076638 0.598019 -0.121077 0.788569
722.000000 18.189622 -1.351206 5.143869 0.078661 0.609272 -0.123208 0.779372
723.000000 18.219756 -1.360278 5.151436 0.081899 0.621237 -0.123137 0.769541
724.000000 18.247651 -1.368755 5.157821 0.083335 0.632262 -0.124347 0.760156
725.000000 18.277661 -1.378291 5.163714 0.086422 0.643472 -0.123951 0.750407
726.000000 18.305863 -1.387503 5.168450 0.090237 0.653549 -0.124349 0.741126
727.000000 18.332817 -1.396489 5.171932 0.094475 0.662574 -0.123052 0.732754
728.000000 18.359937 -1.405506 5.174803 0.097560 0.670587 -0.121059 0.725355
729.000000 18.388744 -1.415114 5.177180 0.099591 0.678521 -0.119345 0.717947
730.000000 18.417192 -1.424684 5.178697 0.101474 0.686069 -0.119084 0.710515
731.000000 18.444995 -1.434216 5.179371 0.103209 0.693737 -0.119674 0.702677
732.000000 18.472147 -1.443702 5.179248 0.104275 0.700653 -0.119486 0.695655
733.000000 18.500339 -1.453641 5.178862 0.104138 0.707037 -0.117758 0.689483
734.000000 18.529866 -1.463959 5.178114 0.104339 0.712433 -0.115982 0.684179
735.000000 18.559456 -1.474025 5.177202 0.105971 0.715575 -0.115128 0.680785
736.000000 18.588307 -1.483903 5.176440 0.107478 0.717574 -0.115007 0.678461
737.000000 18.616206 -1.493622 5.175944 0.107929 0.719100 -0.114945 0.676782
738.000000 18.644164 -1.503326 5.175308 0.107959 0.720494 -0.115263 0.675239
739.000000 18.672860 -1.513102 5.174416 0.108577 0.721974 -0.116230 0.673391
740.000000 18.701897 -1.523023 5.173076 0.109880 0.723160 -0.117417 0.671699
741.000000 18.730792 -1.532913 5.171596 0.111717 0.724000 -0.117584 0.670461
742.000000 18.759879 -1.542999 5.169883 0.112489 0.724879 -0.116840 0.669511
743.000000 18.789190 -1.553205 5.168100 0.111996 0.725974 -0.115183 0.668694
744.000000 18.819424 -1.563480 5.166227 0.110369 0.727027 -0.113903 0.668039
745.000000 18.850944 -1.573785 5.164089 0.110268 0.727810 -0.115342 0.666956
746.000000 18.882109 -1.584146 5.162106 0.111407 0.728194 -0.117778 0.665921
747.000000 18.911943 -1.594396 5.160191 0.113027 0.728012 -0.119377 0.665562
748.000000 18.941622 -1.604838 5.158195 0.113394 0.727717 -0.119605 0.665781
749.000000 18.972543 -1.615622 5.156234 0.113392 0.727585 -0.119834 0.665885
750.000000 19.003066 -1.626503 5.154261 0.112790 0.727896 -0.120709 0.665489
751.000000 19.032706 -1.637146 5.152275 0.112579 0.728126 -0.121978 0.665041
752.000000 19.062779 -1.647909 5.149907 0.111400 0.728724 -0.121841 0.664610
753.000000 19.093802 -1.658754 5.147706 0.110915 0.729593 -0.122486 0.663618
754.000000 19.123701 -1.669261 5.145504 0.111770 0.730171 -0.122592 0.662819
755.000000 19.154126 -1.680023 5.143348 0.113111 0.730817 -0.122873 0.661827
756.000000 19.185097 -1.691196 5.140926 0.112805 0.731625 -0.122677 0.661022
757.000000 19.216588 -1.702429 5.138154 0.112846 0.732836 -0.122695 0.659669
758.000000 19.247826 -1.713620 5.135528 0.111996 0.734133 -0.122877 0.658336
759.000000 19.279465 -1.724881 5.132690 0.111689 0.735399 -0.122731 0.657001
760.000000 19.312143 -1.736450 5.129747 0.111712 0.736638 -0.122973 0.655563
761.000000 19.344542 -1.748038 5.126739 0.112188 0.737648 -0.123481 0.654249
762.000000 19.376448 -1.759569 5.123545 0.112530 0.738467 -0.123625 0.653239
763.000000 19.408617 -1.771173 5.120112 0.112615 0.739249 -0.123595 0.652345
764.000000 19.441478 -1.782908 5.116600 0.113669 0.739949 -0.123729 0.651342
765.000000 19.474220 -1.794782 5.113053 0.114236 0.740712 -0.123745 0.650372
766.000000 19.506912 -1.806755 5.109353 0.114297 0.741616 -0.123761 0.649326
767.000000 19.540317 -1.818995 5.105463 0.114036 0.742786 -0.123834 0.648020
768.000000 19.574419 -1.831434 5.101278 0.114273 0.743935 -0.123815 0.646662
769.000000 19.608577 -1.843899 5.097195 0.114177 0.745327 -0.123925 0.645053
770.000000 19.643079 -1.856402 5.093005 0.114864 0.746471 -0.124128 0.643568
771.000000 19.677218 -1.868822 5.088787 0.115358 0.747478 -0.124347 0.642267
772.000000 19.711227 -1.881232 5.084425 0.115782 0.748218 -0.124678 0.641265
773.000000 19.745443 -1.893792 5.079786 0.116077 0.748811 -0.124841 0.640486
774.000000 19.779542 -1.906379 5.075144 0.116191 0.749274 -0.125035 0.639886
775.000000 19.813895 -1.919097 5.070480 0.116356 0.749646 -0.125126 0.639403
776.000000 19.848399 -1.931902 5.065571 0.117169 0.749763 -0.125346 0.639074
777.000000 19.882811 -1.944720 5.060584 0.117706 0.749977 -0.125296 0.638734
778.000000 19.917382 -1.957507 5.055613 0.117737 0.750318 -0.124476 0.638488
779.000000 19.952577 -1.970613 5.050660 0.118318 0.750758 -0.124766 0.637806
780.000000 19.987173 -1.983552 5.045804 0.118139 0.751221 -0.124979 0.637253
781.000000 20.022536 -1.996800 5.040863 0.116912 0.751929 -0.124795 0.636680
782.000000 20.058098 -2.010055 5.035673 0.115857 0.752446 -0.124394 0.636340
783.000000 20.094044 -2.023339 5.030359 0.116114 0.752533 -0.124594 0.636151
784.000000 20.129765 -2.036675 5.025279 0.116668 0.752471 -0.125454 0.635954
785.000000 20.165323 -2.050021 5.020022 0.117092 0.752481 -0.125791 0.635798
786.000000 20.201097 -2.063487 5.014792 0.117011 0.752659 -0.126152 0.635530
787.000000 20.236759 -2.076942 5.009586 0.116765 0.752687 -0.126212 0.635530
788.000000 20.273235 -2.090804 5.004215 0.116797 0.752556 -0.126804 0.635561
789.000000 20.309296 -2.104598 4.999023 0.117326 0.752478 -0.127841 0.635349
790.000000 20.345245 -2.118255 4.993805 0.118249 0.752009 -0.127867 0.635728
791.000000 20.381769 -2.132072 4.988519 0.118904 0.751307 -0.127469 0.636515
792.000000 20.417338 -2.145579 4.983245 0.119315 0.750527 -0.126230 0.637604
793.000000 20.452894 -2.159182 4.978001 0.119292 0.749843 -0.125772 0.638503
794.000000 20.488399 -2.172889 4.972930 0.118924 0.749365 -0.126224 0.639044
795.000000 20.524201 -2.186693 4.967688 0.118919 0.748975 -0.126104 0.639525
796.000000 20.559958 -2.200438 4.962569 0.118811 0.748499 -0.126605 0.640004
797.000000 20.595356 -2.213981 4.957748 0.118862 0.748103 -0.126799 0.640418
798.000000 20.631833 -2.227917 4.952983 0.118613 0.747844 -0.127050 0.640718
799.000000 20.667380 -2.241584 4.948379 0.118264 0.747746 -0.127817 0.640744
800.000000 20.702453 -2.255162 4.943991 0.117320 0.747846 -0.128478 0.640668
801.000000 20.738372 -2.268921 4.939181 0.117015 0.747871 -0.127871 0.640816
802.000000 20.774621 -2.282610 4.934363 0.117020 0.747731 -0.126819 0.641188
803.000000 20.811502 -2.296372 4.929334 0.118677 0.747417 -0.125211 0.641565
804.000000 20.848124 -2.310110 4.924657 0.120408 0.747116 -0.125472 0.641542
805.000000 20.883712 -2.323752 4.919979 0.121638 0.746728 -0.126721 0.641516
806.000000 20.918365 -2.337345 4.915172 0.121740 0.746509 -0.127258 0.641645
807.000000 20.953180 -2.351013 4.910565 0.120878 0.746190 -0.127165 0.642197
808.000000 20.988655 -2.364754 4.906027 0.120002 0.745838 -0.127678 0.642669
809.000000 21.023932 -2.378347 4.901614 0.119016 0.745655 -0.128715 0.642858
810.000000 21.058470 -2.391691 4.897318 0.117973 0.745620 -0.130106 0.642810
811.000000 21.093396 -2.405048 4.892841 0.117658 0.745439 -0.130215 0.643056
812.000000 21.129091 -2.418756 4.888465 0.117122 0.745662 -0.130211 0.642897
813.000000 21.163865 -2.432115 4.883986 0.117910 0.745714 -0.130455 0.642643
814.000000 21.198344 -2.445439 4.879568 0.118962 0.745656 -0.130263 0.642554
815.000000 21.233088 -2.458880 4.875242 0.119738 0.745566 -0.129446 0.642681
816.000000 21.268491 -2.472579 4.870888 0.119557 0.745522 -0.128647 0.642925
817.000000 21.304200 -2.486415 4.866543 0.120269 0.745073 -0.129391 0.643164
818.000000 21.339090 -2.500155 4.862434 0.121082 0.744576 -0.131644 0.643129
819.000000 21.372836 -2.513727 4.858360 0.119991 0.744716 -0.132466 0.643003
820.000000 21.408500 -2.527898 4.854336 0.117918 0.744700 -0.133344 0.643224
821.000000 21.444281 -2.541960 4.849837 0.116305 0.744461 -0.133172 0.643829
822.000000 21.479495 -2.555689 4.845333 0.115686 0.744247 -0.132273 0.644374
823.000000 21.514258 -2.569251 4.840939 0.116151 0.743940 -0.131479 0.644807
824.000000 21.548842 -2.582759 4.836856 0.116464 0.743816 -0.131928 0.644801
825.000000 21.582957 -2.596103 4.832658 0.116747 0.743978 -0.132399 0.644467
826.000000 21.617253 -2.609561 4.828618 0.116313 0.744521 -0.132460 0.643905
827.000000 21.651179 -2.622893 4.824693 0.115707 0.744954 -0.132934 0.643416
828.000000 21.684370 -2.635972 4.820707 0.115174 0.745271 -0.133739 0.642977
829.000000 21.717462 -2.649046 4.816544 0.114907 0.745476 -0.133403 0.642857
830.000000 21.750550 -2.662032 4.812433 0.114184 0.745840 -0.132595 0.642731
831.000000 21.784268 -2.675100 4.808066 0.113155 0.746202 -0.131974 0.642621
832.000000 21.817338 -2.687873 4.803490 0.113106 0.746167 -0.133085 0.642441
833.000000 21.848726 -2.700036 4.799517 0.114393 0.745948 -0.135479 0.641967
834.000000 21.881225 -2.713219 4.795367 0.114441 0.745941 -0.136857 0.641674
835.000000 21.913799 -2.726545 4.791360 0.113796 0.746037 -0.136162 0.641825
836.000000 21.945504 -2.739290 4.787644 0.112870 0.745818 -0.135231 0.642439
837.000000 21.975621 -2.751199 4.784018 0.112804 0.745282 -0.135348 0.643048
838.000000 22.004571 -2.762721 4.780607 0.112226 0.744751 -0.135528 0.643726
839.000000 22.033529 -2.774260 4.777078 0.111625 0.744047 -0.134428 0.644874
840.000000 22.063296 -2.786112 4.773500 0.110434 0.743533 -0.132836 0.646002
841.000000 22.091789 -2.797240 4.770251 0.109259 0.743273 -0.133176 0.646430
842.000000 22.118339 -2.807557 4.767006 0.110078 0.742685 -0.133873 0.646823
843.000000 22.143199 -2.817261 4.764181 0.110951 0.742167 -0.134658 0.647106
844.000000 22.167090 -2.826683 4.761498 0.111276 0.742011 -0.134982 0.647161
845.000000 22.190635 -2.836034 4.759003 0.110723 0.742094 -0.135729 0.647004
846.000000 22.212785 -2.844807 4.756508 0.109930 0.743278 -0.136724 0.645569
847.000000 22.234828 -2.853452 4.753704 0.109236 0.746525 -0.137805 0.641699
848.000000 22.256088 -2.861794 4.750615 0.108839 0.752397 -0.138796 0.634657
849.000000 22.275965 -2.869606 4.747294 0.108974 0.760209 -0.139904 0.625007
850.000000 22.293535 -2.876670 4.743589 0.110162 0.768342 -0.140421 0.614652
851.000000 22.312642 -2.884636 4.738414 0.113338 0.779125 -0.139763 0.600488
852.000000 22.330770 -2.892585 4.732305 0.118398 0.790286 -0.137172 0.585333
853.000000 22.349412 -2.900989 4.725248 0.120466 0.804282 -0.134218 0.566219
854.000000 22.366445 -2.908602 4.718070 0.122074 0.818962 -0.131885 0.544982
855.000000 22.383648 -2.916006 4.709392 0.124416 0.833471 -0.128240 0.522878
856.000000 22.402524 -2.924151 4.698868 0.126114 0.846172 -0.124718 0.502528
857.000000 22.421254 -2.932290 4.686825 0.128761 0.859829 -0.121607 0.478881
858.000000 22.439195 -2.940434 4.672877 0.133091 0.873843 -0.119223 0.452184
859.000000 22.452317 -2.946337 4.660591 0.135529 0.887922 -0.117593 0.423554
860.000000 22.466634 -2.953099 4.645075 0.139281 0.900371 -0.116050 0.395557
861.000000 22.479121 -2.958841 4.629335 0.146508 0.911944 -0.112305 0.366443
862.000000 22.488971 -2.963797 4.614037 0.153047 0.922198 -0.108297 0.338229
863.000000 22.498272 -2.969141 4.597924 0.156919 0.931969 -0.104556 0.309641
864.000000 22.506201 -2.973941 4.581763 0.158065 0.940087 -0.101656 0.284461
865.000000 22.513304 -2.978694 4.563947 0.159314 0.949055 -0.097211 0.253896
866.000000 22.519828 -2.983725 4.544791 0.161641 0.956507 -0.092478 0.224531
867.000000 22.526867 -2.990001 4.522305 0.164548 0.963180 -0.088500 0.193330
868.000000 22.532920 -2.996162 4.499621 0.167608 0.968562 -0.085820 0.162572
869.000000 22.537567 -3.001906 4.477000 0.170613 0.973115 -0.084250 0.129767
870.000000 22.540436 -3.006680 4.456374 0.173030 0.976455 -0.082107 0.099270
871.000000 22.541493 -3.010674 4.436435 0.175563 0.979003 -0.077359 0.068887
872.000000 22.540969 -3.013899 4.415313 0.177962 0.980811 -0.071078 0.035886
873.000000 22.539405 -3.016868 4.392716 0.179397 0.981499 -0.066632 0.006058
874.000000 22.535946 -3.019948 4.368757 0.180751 0.981173 -0.063382 -0.024706
875.000000 22.530811 -3.022287 4.346215 0.181904 0.979735 -0.060722 -0.057822
876.000000 22.524857 -3.023574 4.324733 0.182401 0.977295 -0.058161 -0.090781
877.000000 22.517326 -3.024314 4.301858 0.182841 0.973958 -0.054774 -0.122372
878.000000 22.508928 -3.024557 4.279128 0.183282 0.970066 -0.050670 -0.151035
879.000000 22.499607 -3.024144 4.257727 0.184304 0.965216 -0.046950 -0.179403
880.000000 22.489685 -3.023745 4.237652 0.185018 0.960277 -0.044080 -0.204189
881.000000 22.478592 -3.023547 4.216913 0.185190 0.955226 -0.042014 -0.226897
882.000000 22.467322 -3.023158 4.197158 0.185081 0.950278 -0.040618 -0.247116
883.000000 22.456260 -3.022547 4.178774 0.184851 0.945371 -0.038980 -0.265679
884.000000 22.444938 -3.021828 4.160848 0.184356 0.941253 -0.036484 -0.280579
885.000000 22.431901 -3.020886 4.141003 0.182734 0.938124 -0.032206 -0.292393
886.000000 22.419143 -3.019666 4.121812 0.180714 0.935257 -0.027921 -0.303078
887.000000 22.406374 -3.018168 4.103498 0.179280 0.932005 -0.024751 -0.314027
888.000000 22.392274 -3.016600 4.084221 0.177875 0.929248 -0.021822 -0.323082
889.000000 22.377933 -3.014776 4.065218 0.176578 0.926345 -0.018886 -0.332188
890.000000 22.363805 -3.012644 4.046644 0.173825 0.923217 -0.015283 -0.342377
891.000000 22.347326 -3.009906 4.025944 0.170419 0.919673 -0.010861 -0.353611
892.000000 22.330483 -3.007156 4.005835 0.167722 0.915806 -0.005934 -0.364874
893.000000 22.312932 -3.003913 3.985493 0.164267 0.911481 -0.000605 -0.377119
894.000000 22.295148 -3.000413 3.965495 0.160147 0.906931 0.005264 -0.389617
895.000000 22.276179 -2.996713 3.945317 0.154868 0.901936 0.010941 -0.402998
896.000000 22.256902 -2.993052 3.926630 0.151609 0.896718 0.015603 -0.415534
897.000000 22.237386 -2.989048 3.909032 0.149605 0.890947 0.019608 -0.428308
898.000000 22.216432 -2.984346 3.891532 0.148324 0.884981 0.023844 -0.440726
899.000000 22.195422 -2.979229 3.874957 0.147972 0.879522 0.027447 -0.451433
900.000000 22.173768 -2.973966 3.858762 0.147845 0.874837 0.030679 -0.460284
901.000000 22.151600 -2.968890 3.842825 0.147581 0.871021 0.033766 -0.467336
902.000000 22.129070 -2.963834 3.827096 0.147284 0.868776 0.036126 -0.471413
903.000000 22.106850 -2.958799 3.811668 0.146749 0.867147 0.038665 -0.474369
904.000000 22.084191 -2.953495 3.796001 0.146302 0.866324 0.041182 -0.475797
905.000000 22.060481 -2.947718 3.779253 0.144935 0.866450 0.043453 -0.475783
906.000000 22.039530 -2.942590 3.764646 0.143213 0.867086 0.043986 -0.475097
907.000000 22.020455 -2.937837 3.751408 0.141595 0.868051 0.042730 -0.473932
908.000000 22.002543 -2.933425 3.738743 0.139718 0.869163 0.040519 -0.472645
909.000000 21.982821 -2.929031 3.724565 0.136749 0.870848 0.038805 -0.470551
910.000000 21.960806 -2.924450 3.708779 0.134545 0.872569 0.037920 -0.468063
911.000000 21.937619 -2.919742 3.691742 0.132296 0.874226 0.039081 -0.465509
912.000000 21.915695 -2.915189 3.675685 0.129961 0.875609 0.039285 -0.463548
913.000000 21.894241 -2.910590 3.659701 0.127543 0.876872 0.037782 -0.461953
914.000000 21.872322 -2.906070 3.643512 0.125625 0.877345 0.036064 -0.461717
915.000000 21.848116 -2.901115 3.625636 0.123945 0.877786 0.037004 -0.461259
916.000000 21.824371 -2.896073 3.607634 0.122866 0.878232 0.037887 -0.460628
917.000000 21.800666 -2.890795 3.589497 0.122468 0.878647 0.038943 -0.459853
918.000000 21.777113 -2.885305 3.571423 0.122721 0.879018 0.039718 -0.459009
919.000000 21.753874 -2.880202 3.553283 0.122203 0.879523 0.040972 -0.458069
920.000000 21.730340 -2.875168 3.534865 0.121692 0.880240 0.040853 -0.456836
921.000000 21.706624 -2.870206 3.516435 0.121635 0.880951 0.040303 -0.455527
922.000000 21.682836 -2.865313 3.497833 0.121997 0.881759 0.040209 -0.453874
923.000000 21.658900 -2.860230 3.479033 0.123090 0.882483 0.039976 -0.452189
924.000000 21.634603 -2.854910 3.459559 0.123588 0.883369 0.038487 -0.450448
925.000000 21.611130 -2.850028 3.440459 0.123239 0.884258 0.036869 -0.448933
926.000000 21.586248 -2.845169 3.420509 0.123182 0.884972 0.036190 -0.447595
927.000000 21.560297 -2.840155 3.399746 0.123766 0.885423 0.037462 -0.446435
928.000000 21.534980 -2.834989 3.379442 0.123977 0.885702 0.037893 -0.445787
929.000000 21.511280 -2.830226 3.360230 0.123081 0.886021 0.036726 -0.445499
930.000000 21.488004 -2.825582 3.341282 0.122394 0.886191 0.035122 -0.445479
931.000000 21.463247 -2.820725 3.321135 0.122299 0.886260 0.036251 -0.445278
932.000000 21.438385 -2.815700 3.300856 0.122410 0.886143 0.037756 -0.445355
933.000000 21.414102 -2.810731 3.281108 0.121501 0.886239 0.038236 -0.445372
934.000000 21.391043 -2.806208 3.262398 0.120651 0.886325 0.036913 -0.445543
935.000000 21.368608 -2.801918 3.244299 0.120345 0.886463 0.035988 -0.445426
936.000000 21.345372 -2.797348 3.225194 0.120072 0.886732 0.036082 -0.444958
937.000000 21.322448 -2.792873 3.206347 0.120158 0.887096 0.035588 -0.444247
938.000000 21.300471 -2.788764 3.187852 0.119127 0.887672 0.034504 -0.443461
939.000000 21.278017 -2.784631 3.169043 0.119102 0.888117 0.035326 -0.442509
940.000000 21.254810 -2.780232 3.149671 0.119643 0.888674 0.036473 -0.441151
941.000000 21.232271 -2.775817 3.130686 0.119366 0.889366 0.036516 -0.439826
942.000000 21.211763 -2.771808 3.113105 0.117657 0.890097 0.034951 -0.438934
943.000000 21.190149 -2.767777 3.094989 0.116682 0.890750 0.034366 -0.437913
944.000000 21.168885 -2.763755 3.077341 0.116467 0.891150 0.034178 -0.437171
945.000000 21.148911 -2.759961 3.060676 0.116161 0.891304 0.034649 -0.436903
946.000000 21.130428 -2.756507 3.044972 0.114445 0.891595 0.034715 -0.436755
947.000000 21.112076 -2.753127 3.029334 0.113234 0.892009 0.034648 -0.436231
948.000000 21.092829 -2.749569 3.013146 0.114055 0.892339 0.034948 -0.435317
949.000000 21.072851 -2.745811 2.996397 0.115621 0.892631 0.035651 -0.434247
950.000000 21.053597 -2.742169 2.979932 0.116247 0.892913 0.036885 -0.433397
951.000000 21.035382 -2.738605 2.964154 0.115299 0.893399 0.037217 -0.432619
952.000000 21.017999 -2.735225 2.949199 0.114911 0.893868 0.036811 -0.431787
953.000000 21.001208 -2.731949 2.934600 0.114393 0.894330 0.036578 -0.430988
954.000000 20.985114 -2.728781 2.920573 0.114095 0.894688 0.034989 -0.430455
955.000000 20.969503 -2.725810 2.907176 0.114648 0.894871 0.033544 -0.430043
956.000000 20.954682 -2.723005 2.894533 0.115888 0.894904 0.032575 -0.429716
957.000000 20.941325 -2.720482 2.882886 0.115446 0.895122 0.031295 -0.429477
958.000000 20.928712 -2.718188 2.871421 0.113150 0.895290 0.031381 -0.429730
959.000000 20.915758 -2.715893 2.859895 0.111877 0.895392 0.032153 -0.429795
960.000000 20.903095 -2.713579 2.849153 0.113125 0.895598 0.032025 -0.429048
961.000000 20.890412 -2.711095 2.838571 0.115244 0.895646 0.030766 -0.428474
962.000000 20.879940 -2.709097 2.829612 0.115308 0.895623 0.029769 -0.428577
963.000000 20.869986 -2.707211 2.820835 0.114217 0.895895 0.029255 -0.428335
964.000000 20.860313 -2.705460 2.812432 0.113874 0.896280 0.029061 -0.427634
965.000000 20.850499 -2.703722 2.804107 0.114595 0.896160 0.028990 -0.427697
966.000000 20.841433 -2.702122 2.796369 0.114334 0.896212 0.029107 -0.427650
967.000000 20.832910 -2.700400 2.788953 0.113445 0.896653 0.027364 -0.427078
968.000000 20.824545 -2.698674 2.781838 0.113065 0.896786 0.025336 -0.427023
969.000000 20.815748 -2.697074 2.774603 0.113618 0.896603 0.024413 -0.427316
970.000000 20.806852 -2.695548 2.767296 0.113866 0.896734 0.024056 -0.426993
971.000000 20.798004 -2.694073 2.759948 0.114017 0.896904 0.024089 -0.426596
972.000000 20.789204 -2.692569 2.752502 0.113896 0.896909 0.024139 -0.426615
973.000000 20.780680 -2.691021 2.745302 0.113506 0.897049 0.023765 -0.426444
974.000000 20.772774 -2.689550 2.738483 0.112519 0.897322 0.023284 -0.426158
975.000000 20.764019 -2.687947 2.730897 0.111940 0.897545 0.023293 -0.425841
976.000000 20.754588 -2.686312 2.722828 0.112184 0.897599 0.023589 -0.425647
977.000000 20.745321 -2.684649 2.715085 0.112982 0.897555 0.023480 -0.425534
978.000000 20.736385 -2.682936 2.707715 0.113761 0.897645 0.022879 -0.425170
979.000000 20.727827 -2.681322 2.700486 0.113944 0.897663 0.022662 -0.425093
980.000000 20.719128 -2.679691 2.692943 0.113311 0.897839 0.022670 -0.424891
981.000000 20.710655 -2.678089 2.685655 0.112640 0.898036 0.022536 -0.424659
982.000000 20.701988 -2.676526 2.678341 0.112894 0.898117 0.022518 -0.424421
983.000000 20.693363 -2.674943 2.671126 0.113722 0.898020 0.022531 -0.424404
984.000000 20.685266 -2.673400 2.664232 0.113904 0.898076 0.022600 -0.424235
985.000000 20.677688 -2.671803 2.657604 0.113274 0.898240 0.022450 -0.424064
986.000000 20.670296 -2.670122 2.651033 0.112046 0.898545 0.021920 -0.423771
987.000000 20.662796 -2.668439 2.644494 0.111403 0.898757 0.021250 -0.423525
988.000000 20.655275 -2.666843 2.638152 0.111933 0.898690 0.020687 -0.423555
989.000000 20.647765 -2.665248 2.631959 0.113081 0.898460 0.019941 -0.423774
990.000000 20.640173 -2.663734 2.625619 0.113268 0.898538 0.019811 -0.423566
991.000000 20.631512 -2.662081 2.617840 0.113179 0.898840 0.020862 -0.422898
992.000000 20.623131 -2.660486 2.610090 0.112208 0.899088 0.022323 -0.422553
993.000000 20.615168 -2.658788 2.603044 0.110717 0.899443 0.022571 -0.422178
994.000000 20.607609 -2.657102 2.596791 0.110068 0.899809 0.021165 -0.421641
995.000000 20.600454 -2.655544 2.591080 0.110230 0.900002 0.019641 -0.421260
996.000000 20.593924 -2.654175 2.586005 0.110761 0.900151 0.018620 -0.420849
997.000000 20.586897 -2.652824 2.580345 0.110872 0.900388 0.018192 -0.420331
998.000000 20.580057 -2.651518 2.574630 0.110494 0.900691 0.017877 -0.419793
999.000000 20.573176 -2.650145 2.568902 0.110136 0.901004 0.016970 -0.419253
1000.000000 20.565420 -2.648564 2.562443 0.109899 0.901389 0.014845 -0.418570
1001.000000 20.557663 -2.646966 2.555966 0.109716 0.901879 0.012339 -0.417641
1002.000000 20.549240 -2.645471 2.548914 0.109741 0.902454 0.010415 -0.416444
1003.000000 20.540225 -2.643940 2.541044 0.109240 0.903343 0.009041 -0.414676
1004.000000 20.530536 -2.642323 2.532273 0.108335 0.904605 0.007782 -0.412181
1005.000000 20.519756 -2.640634 2.522549 0.108498 0.905978 0.006679 -0.409130
1006.000000 20.508658 -2.638893 2.512601 0.109798 0.907303 0.004899 -0.405859
1007.000000 20.497682 -2.637217 2.502219 0.109797 0.908889 0.002964 -0.402313
1008.000000 20.486055 -2.635516 2.490439 0.108889 0.910971 0.001841 -0.397834
1009.000000 20.473307 -2.633689 2.477612 0.109416 0.912935 0.000400 -0.393163
1010.000000 20.459418 -2.631718 2.463368 0.111057 0.914876 -0.001017 -0.388160
1011.000000 20.445581 -2.629820 2.448666 0.112483 0.916828 -0.001514 -0.383107
1012.000000 20.430828 -2.627853 2.432482 0.113291 0.918873 -0.001450 -0.377935
1013.000000 20.418325 -2.626066 2.418653 0.112730 0.920856 -0.002813 -0.373241
1014.000000 20.404115 -2.624169 2.402764 0.112659 0.922864 -0.004363 -0.368254
1015.000000 20.390417 -2.622603 2.386858 0.113323 0.924697 -0.003979 -0.363424
1016.000000 20.376170 -2.620840 2.370280 0.114530 0.926312 -0.003819 -0.358907
1017.000000 20.361027 -2.619009 2.352241 0.115278 0.927955 -0.003393 -0.354400
1018.000000 20.346542 -2.617440 2.334367 0.114957 0.929326 -0.002173 -0.350903
1019.000000 20.330433 -2.615724 2.314471 0.114473 0.930434 -0.000653 -0.348121
1020.000000 20.314556 -2.613916 2.294625 0.112448 0.931556 -0.000367 -0.345772
1021.000000 20.298092 -2.612189 2.274037 0.110656 0.932202 0.000404 -0.344607
1022.000000 20.281228 -2.610567 2.252262 0.108261 0.932785 0.002233 -0.343782
1023.000000 20.264340 -2.608822 2.231347 0.107813 0.933377 0.001990 -0.342316
1024.000000 20.247120 -2.607096 2.209596 0.107023 0.933842 0.002326 -0.341292
1025.000000 20.229639 -2.605228 2.188043 0.107708 0.934161 0.001449 -0.340206
1026.000000 20.214495 -2.603490 2.168477 0.105495 0.934912 -0.002138 -0.338830
1027.000000 20.197830 -2.601977 2.147273 0.103161 0.935386 -0.004794 -0.338213
1028.000000 20.180875 -2.600500 2.126053 0.103057 0.935604 -0.007736 -0.337587
1029.000000 20.162791 -2.599259 2.103276 0.104983 0.935701 -0.007676 -0.336724
1030.000000 20.145614 -2.598167 2.081085 0.105422 0.935907 -0.006299 -0.336043
1031.000000 20.128888 -2.597002 2.059243 0.104890 0.936279 -0.005813 -0.335180
1032.000000 20.111907 -2.595711 2.037266 0.105492 0.936699 -0.005743 -0.333815
1033.000000 20.094627 -2.594371 2.014337 0.105752 0.937142 -0.005973 -0.332485
1034.000000 20.077122 -2.593035 1.991005 0.106927 0.937560 -0.005617 -0.330932
1035.000000 20.059147 -2.591639 1.966850 0.107423 0.938176 -0.005519 -0.329023
1036.000000 20.041180 -2.590246 1.942337 0.107571 0.939002 -0.005787 -0.326604
1037.000000 20.023403 -2.588858 1.917921 0.108654 0.939745 -0.005724 -0.324100
1038.000000 20.005348 -2.587435 1.893076 0.109827 0.940569 -0.005607 -0.321304
1039.000000 19.986824 -2.585951 1.867400 0.110410 0.941333 -0.006449 -0.318843
1040.000000 19.968688 -2.584644 1.842244 0.109708 0.942015 -0.007722 -0.317036
1041.000000 19.951418 -2.583434 1.818615 0.109947 0.942376 -0.009867 -0.315818
1042.000000 19.934541 -2.582606 1.794996 0.107630 0.942814 -0.010823 -0.315277
1043.000000 19.917533 -2.581819 1.771335 0.106372 0.942913 -0.011515 -0.315386
1044.000000 19.900671 -2.581070 1.747470 0.104488 0.942958 -0.011267 -0.315890
1045.000000 19.883765 -2.580249 1.724149 0.103165 0.942859 -0.011434 -0.316612
1046.000000 19.866466 -2.579404 1.700315 0.103438 0.942711 -0.010610 -0.316993
1047.000000 19.848539 -2.578381 1.676232 0.104556 0.942383 -0.010981 -0.317587
1048.000000 19.830908 -2.577401 1.652764 0.105475 0.942022 -0.011381 -0.318341
1049.000000 19.813300 -2.576525 1.628972 0.104657 0.941755 -0.012292 -0.319364
1050.000000 19.795072 -2.575589 1.604778 0.105164 0.941396 -0.013588 -0.320201
1051.000000 19.776915 -2.574776 1.580586 0.105707 0.941006 -0.014040 -0.321148
1052.000000 19.758630 -2.573946 1.556191 0.106209 0.940523 -0.014754 -0.322365
1053.000000 19.740175 -2.573096 1.531382 0.105999 0.940170 -0.014797 -0.323458
1054.000000 19.721523 -2.572174 1.506353 0.105977 0.939692 -0.015743 -0.324808
1055.000000 19.702617 -2.571291 1.481310 0.106235 0.939216 -0.016866 -0.326041
1056.000000 19.683836 -2.570470 1.456577 0.106220 0.938784 -0.018384 -0.327206
1057.000000 19.664628 -2.569814 1.431290 0.106451 0.938522 -0.018572 -0.327870
1058.000000 19.645271 -2.569158 1.405848 0.106584 0.938452 -0.019067 -0.328001
1059.000000 19.625442 -2.568520 1.379731 0.106589 0.938545 -0.018389 -0.327772
1060.000000 19.605274 -2.567889 1.353138 0.105782 0.938666 -0.018846 -0.327660
1061.000000 19.585283 -2.567399 1.326851 0.104709 0.938893 -0.019442 -0.327320
1062.000000 19.565361 -2.566944 1.300658 0.104171 0.939183 -0.020041 -0.326622
1063.000000 19.545763 -2.566469 1.274772 0.104574 0.939514 -0.020148 -0.325532
1064.000000 19.526095 -2.566023 1.248321 0.104445 0.939802 -0.020334 -0.324729
1065.000000 19.507068 -2.565643 1.222693 0.103124 0.940126 -0.021489 -0.324139
1066.000000 19.488796 -2.565309 1.198399 0.102570 0.940441 -0.023571 -0.323257
1067.000000 19.470569 -2.565176 1.173867 0.102663 0.940691 -0.023949 -0.322471
1068.000000 19.452774 -2.565150 1.149361 0.102655 0.941067 -0.022900 -0.321449
1069.000000 19.435017 -2.565078 1.124777 0.102553 0.941541 -0.021014 -0.320222
1070.000000 19.417236 -2.564772 1.100189 0.102705 0.942013 -0.020734 -0.318799
1071.000000 19.399009 -2.564478 1.075296 0.103441 0.942308 -0.021541 -0.317636
1072.000000 19.381450 -2.564327 1.051316 0.103372 0.942691 -0.022798 -0.316430
1073.000000 19.362870 -2.564186 1.025932 0.103899 0.942977 -0.023686 -0.315339
1074.000000 19.344885 -2.564087 1.001333 0.104508 0.943319 -0.024915 -0.314017
1075.000000 19.327516 -2.564072 0.977102 0.104647 0.943613 -0.026664 -0.312943
1076.000000 19.310007 -2.564216 0.952446 0.103866 0.943918 -0.028124 -0.312152
1077.000000 19.292377 -2.564396 0.927275 0.102884 0.944302 -0.027472 -0.311375
1078.000000 19.275179 -2.564580 0.902373 0.102241 0.944771 -0.025182 -0.310356
1079.000000 19.257639 -2.564650 0.877099 0.102490 0.945028 -0.023463 -0.309624
1080.000000 19.240389 -2.564827 0.851570 0.100932 0.945141 -0.023940 -0.309754
1081.000000 19.223588 -2.565010 0.827020 0.098887 0.944979 -0.025857 -0.310754
1082.000000 19.206279 -2.565356 0.802371 0.098221 0.944702 -0.026761 -0.311728
1083.000000 19.188795 -2.565555 0.778034 0.099222 0.944176 -0.027882 -0.312904
1084.000000 19.170559 -2.565661 0.753299 0.101643 0.943641 -0.028127 -0.313717
1085.000000 19.152537 -2.565896 0.728291 0.102862 0.943103 -0.029172 -0.314841
1086.000000 19.134674 -2.566319 0.703548 0.103634 0.942616 -0.029922 -0.315975
1087.000000 19.116900 -2.566733 0.679083 0.104144 0.942218 -0.030268 -0.316960
1088.000000 19.098921 -2.567251 0.654114 0.103561 0.941844 -0.030803 -0.318207
1089.000000 19.081929 -2.567762 0.630714 0.100789 0.941506 -0.032496 -0.319925
1090.000000 19.065637 -2.568407 0.608772 0.096863 0.941267 -0.036465 -0.321409
1091.000000 19.049392 -2.569196 0.587217 0.095601 0.940784 -0.039006 -0.322901
1092.000000 19.032619 -2.570274 0.564665 0.094095 0.940657 -0.039300 -0.323677
1093.000000 19.016102 -2.571235 0.542611 0.095038 0.940360 -0.037740 -0.324448
1094.000000 18.999583 -2.571987 0.520500 0.096936 0.940085 -0.037029 -0.324765
1095.000000 18.983672 -2.572671 0.499311 0.097866 0.939828 -0.038069 -0.325110
1096.000000 18.968133 -2.573511 0.478956 0.098048 0.939667 -0.039438 -0.325356
1097.000000 18.952888 -2.574249 0.459160 0.098980 0.939312 -0.042964 -0.325654
1098.000000 18.936594 -2.575593 0.438352 0.098635 0.939207 -0.044923 -0.325797
1099.000000 18.921050 -2.576970 0.418255 0.098176 0.939120 -0.044308 -0.326271
1100.000000 18.906622 -2.578261 0.398935 0.096891 0.939205 -0.042907 -0.326597
1101.000000 18.892947 -2.579407 0.381224 0.097540 0.939361 -0.042780 -0.325970
1102.000000 18.879450 -2.580541 0.363891 0.096975 0.939508 -0.043992 -0.325554
1103.000000 18.866975 -2.581559 0.347612 0.094667 0.939599 -0.046194 -0.325666
1104.000000 18.855594 -2.582502 0.332516 0.092036 0.939800 -0.046584 -0.325785
1105.000000 18.844596 -2.583392 0.318224 0.092164 0.939786 -0.046281 -0.325832
1106.000000 18.833445 -2.584246 0.303514 0.092633 0.939788 -0.045383 -0.325820
1107.000000 18.822353 -2.585016 0.288964 0.093287 0.939669 -0.044451 -0.326104
1108.000000 18.811605 -2.585593 0.274264 0.091208 0.939872 -0.043861 -0.326187
1109.000000 18.801198 -2.586262 0.260647 0.090079 0.939913 -0.043782 -0.326392
1110.000000 18.790862 -2.586933 0.247448 0.090156 0.939889 -0.044240 -0.326378
1111.000000 18.780018 -2.587542 0.233941 0.091897 0.939604 -0.045180 -0.326586
1112.000000 18.769444 -2.588128 0.220449 0.093404 0.939438 -0.045837 -0.326543
1113.000000 18.759303 -2.588704 0.207541 0.094411 0.939259 -0.046495 -0.326676
1114.000000 18.749544 -2.589374 0.194909 0.094503 0.939231 -0.046897 -0.326674
1115.000000 18.739802 -2.590050 0.182303 0.094653 0.939152 -0.047498 -0.326768
1116.000000 18.729929 -2.590758 0.169479 0.095010 0.939211 -0.048234 -0.326387
1117.000000 18.720156 -2.591406 0.156862 0.095559 0.939169 -0.049104 -0.326219
1118.000000 18.710531 -2.592110 0.144103 0.094662 0.939267 -0.049995 -0.326062
1119.000000 18.700764 -2.592874 0.131285 0.093718 0.939372 -0.051818 -0.325749
1120.000000 18.691032 -2.593628 0.118809 0.094783 0.939286 -0.054632 -0.325228
1121.000000 18.682045 -2.594375 0.107238 0.096315 0.939277 -0.056610 -0.324465
1122.000000 18.673826 -2.595125 0.096260 0.097145 0.939570 -0.057595 -0.323192
1123.000000 18.665687 -2.595920 0.084816 0.096778 0.940141 -0.058128 -0.321544
1124.000000 18.657682 -2.596706 0.073214 0.095492 0.940576 -0.058509 -0.320584
1125.000000 18.650286 -2.597431 0.061992 0.093244 0.941074 -0.058823 -0.319728
1126.000000 18.643476 -2.598145 0.051896 0.091936 0.941562 -0.059131 -0.318609
1127.000000 18.637073 -2.598780 0.042743 0.091462 0.941963 -0.059489 -0.317494
1128.000000 18.630950 -2.599341 0.034188 0.091602 0.942282 -0.059895 -0.316429
1129.000000 18.624983 -2.599922 0.025867 0.091850 0.942600 -0.060364 -0.315316
1130.000000 18.619205 -2.600573 0.017792 0.091880 0.942832 -0.060947 -0.314502
1131.000000 18.613601 -2.601297 0.009971 0.091576 0.942956 -0.061589 -0.314094
1132.000000 18.607581 -2.602118 0.001631 0.090747 0.942985 -0.062320 -0.314103
1133.000000 18.602080 -2.602950 -0.005860 0.090227 0.942909 -0.063045 -0.314336
1134.000000 18.596881 -2.603682 -0.012785 0.090206 0.942723 -0.063778 -0.314751
1135.000000 18.591902 -2.604307 -0.019389 0.090482 0.942517 -0.064627 -0.315115
1136.000000 18.587207 -2.604988 -0.025745 0.090370 0.942558 -0.065377 -0.314869
1137.000000 18.582784 -2.605710 -0.031816 0.090143 0.942687 -0.065987 -0.314421
1138.000000 18.578737 -2.606355 -0.037311 0.090255 0.942741 -0.066493 -0.314121
1139.000000 18.574772 -2.606949 -0.042757 0.090403 0.942763 -0.066964 -0.313913
1140.000000 18.570983 -2.607601 -0.048239 0.089795 0.942888 -0.067302 -0.313639
1141.000000 18.567463 -2.608243 -0.053643 0.088697 0.943081 -0.067581 -0.313311
1142.000000 18.564011 -2.608927 -0.058686 0.088193 0.943217 -0.067806 -0.312994
1143.000000 18.560453 -2.609483 -0.063591 0.088602 0.943223 -0.068092 -0.312799
1144.000000 18.556926 -2.609969 -0.068461 0.089154 0.943229 -0.068404 -0.312555
1145.000000 18.553711 -2.610533 -0.073048 0.088958 0.943357 -0.068672 -0.312167
1146.000000 18.550858 -2.611085 -0.077181 0.088540 0.943474 -0.068970 -0.311866
1147.000000 18.547986 -2.611651 -0.081279 0.088238 0.943560 -0.069274 -0.311624
1148.000000 18.545075 -2.612155 -0.085306 0.088388 0.943596 -0.069690 -0.311379
1149.000000 18.542196 -2.612591 -0.089292 0.088788 0.943607 -0.070200 -0.311117
1150.000000 18.539522 -2.613027 -0.093044 0.088986 0.943633 -0.070592 -0.310894
1151.000000 18.536961 -2.613479 -0.096703 0.088931 0.943691 -0.070874 -0.310669
1152.000000 18.534649 -2.613909 -0.099989 0.088816 0.943754 -0.071109 -0.310456
1153.000000 18.532513 -2.614302 -0.102965 0.088769 0.943816 -0.071375 -0.310222
1154.000000 18.530379 -2.614676 -0.105921 0.088825 0.943863 -0.071655 -0.309997
1155.000000 18.528364 -2.615032 -0.108702 0.088846 0.943904 -0.071902 -0.309809
1156.000000 18.526515 -2.615401 -0.111249 0.088805 0.943935 -0.072074 -0.309685
1157.000000 18.524894 -2.615767 -0.113493 0.088649 0.943980 -0.072206 -0.309565
1158.000000 18.523460 -2.616088 -0.115461 0.088559 0.944035 -0.072349 -0.309387
1159.000000 18.522334 -2.616359 -0.117047 0.088489 0.944068 -0.072442 -0.309286
1160.000000 18.521491 -2.616534 -0.118320 0.088456 0.944097 -0.072560 -0.309178
1161.000000 18.520833 -2.616697 -0.119406 0.088340 0.944150 -0.072698 -0.309016
1162.000000 18.520300 -2.616832 -0.120448 0.088026 0.944201 -0.072912 -0.308900
1163.000000 18.519694 -2.617004 -0.121676 0.087781 0.944245 -0.073186 -0.308772
1164.000000 18.518713 -2.617279 -0.123285 0.087657 0.944309 -0.073442 -0.308550
1165.000000 18.517541 -2.617566 -0.125151 0.087763 0.944365 -0.073722 -0.308283
1166.000000 18.515948 -2.617922 -0.127562 0.087945 0.944424 -0.073998 -0.307981
1167.000000 18.514092 -2.618356 -0.130439 0.088209 0.944461 -0.074308 -0.307720
1168.000000 18.512054 -2.618867 -0.133758 0.088461 0.944418 -0.074527 -0.307724
1169.000000 18.509933 -2.619440 -0.137317 0.088550 0.944422 -0.074669 -0.307654
1170.000000 18.507959 -2.620000 -0.140919 0.088685 0.944457 -0.074799 -0.307474
1171.000000 18.505821 -2.620652 -0.145016 0.088783 0.944440 -0.074870 -0.307483
1172.000000 18.503454 -2.621385 -0.149929 0.088948 0.944346 -0.074880 -0.307720
1173.000000 18.501160 -2.622131 -0.154916 0.088991 0.944295 -0.074900 -0.307861
1174.000000 18.498757 -2.622957 -0.160067 0.088831 0.944287 -0.074939 -0.307921
1175.000000 18.496160 -2.623852 -0.165633 0.088626 0.944228 -0.075003 -0.308145
1176.000000 18.493339 -2.624760 -0.171833 0.088558 0.944150 -0.075137 -0.308371
1177.000000 18.490536 -2.625601 -0.178171 0.088734 0.944068 -0.075339 -0.308523
1178.000000 18.487417 -2.626529 -0.185010 0.088969 0.943888 -0.075550 -0.308952
1179.000000 18.483985 -2.627569 -0.192307 0.089087 0.943684 -0.075760 -0.309492
1180.000000 18.480320 -2.628681 -0.199984 0.089108 0.943534 -0.075963 -0.309893
1181.000000 18.476592 -2.629840 -0.207873 0.089082 0.943400 -0.076098 -0.310275
1182.000000 18.472807 -2.631011 -0.215862 0.089159 0.943230 -0.076181 -0.310748
1183.000000 18.468838 -2.632281 -0.224278 0.089149 0.943027 -0.076144 -0.311376
1184.000000 18.464606 -2.633652 -0.233181 0.088991 0.942847 -0.075958 -0.312011
1185.000000 18.460535 -2.635032 -0.242028 0.088685 0.942672 -0.075713 -0.312685
1186.000000 18.456303 -2.636409 -0.250827 0.088325 0.942508 -0.075651 -0.313296
1187.000000 18.451811 -2.637730 -0.259823 0.088344 0.942212 -0.075850 -0.314131
1188.000000 18.447053 -2.639041 -0.269161 0.088662 0.941842 -0.076139 -0.315080
1189.000000 18.442269 -2.640287 -0.278428 0.089290 0.941549 -0.076487 -0.315693
1190.000000 18.437451 -2.641438 -0.287814 0.090550 0.941152 -0.076876 -0.316423
1191.000000 18.432666 -2.642617 -0.297002 0.091839 0.940666 -0.077042 -0.317454
1192.000000 18.427973 -2.643919 -0.305613 0.092123 0.940485 -0.077030 -0.317912
1193.000000 18.423221 -2.645236 -0.313896 0.091880 0.940430 -0.077033 -0.318144
1194.000000 18.418817 -2.646529 -0.321632 0.091607 0.940287 -0.076969 -0.318660
1195.000000 18.414352 -2.647832 -0.329458 0.091395 0.940142 -0.076881 -0.319168
1196.000000 18.410065 -2.649050 -0.336743 0.091323 0.940112 -0.076769 -0.319304
1197.000000 18.406071 -2.650181 -0.343563 0.091511 0.940041 -0.076529 -0.319519
1198.000000 18.402016 -2.651334 -0.350453 0.091790 0.939989 -0.076076 -0.319701
1199.000000 18.398475 -2.652369 -0.356510 0.091969 0.940028 -0.075660 -0.319631
