0.000000 0.000000 0.000000 0.000000 0.000000 0.000000 0.000000 0.000000
1.000000 -0.000927 0.000271 0.048948 0.000000 0.000000 0.000000 0.000000
2.000000 -0.000829 0.001574 0.095310 0.000000 0.000000 0.000000 0.000000
3.000000 0.002372 0.002982 0.143566 0.000000 0.000000 0.000000 0.000000
4.000000 0.008449 0.005309 0.191486 0.000000 0.000000 0.000000 0.000000
5.000000 0.015221 0.008361 0.236786 0.000000 0.000000 0.000000 0.000000
6.000000 0.022963 0.011270 0.279370 0.000000 0.000000 0.000000 0.000000
7.000000 0.031832 0.013613 0.320244 0.000000 0.000000 0.000000 0.000000
8.000000 0.044001 0.018188 0.363877 0.000000 0.000000 0.000000 0.000000
9.000000 0.057335 0.023730 0.399781 0.000000 0.000000 0.000000 0.000000
10.000000 0.071365 0.028616 0.432929 0.000000 0.000000 0.000000 0.000000
11.000000 0.090490 0.032500 0.471112 0.000000 0.000000 0.000000 0.000000
12.000000 0.113200 0.035641 0.507061 0.000000 0.000000 0.000000 0.000000
13.000000 0.137817 0.037951 0.538135 0.000000 0.000000 0.000000 0.000000
14.000000 0.167281 0.040309 0.572015 0.000000 0.000000 0.000000 0.000000
15.000000 0.200929 0.041797 0.606029 0.000000 0.000000 0.000000 0.000000
16.000000 0.235431 0.043833 0.637848 0.000000 0.000000 0.000000 0.000000
17.000000 0.270121 0.045538 0.666729 0.000000 0.000000 0.000000 0.000000
18.000000 0.309075 0.046940 0.696057 0.000000 0.000000 0.000000 0.000000
19.000000 0.349856 0.048248 0.725511 0.000000 0.000000 0.000000 0.000000
20.000000 0.392060 0.049503 0.752041 0.000000 0.000000 0.000000 0.000000
21.000000 0.437161 0.050638 0.778601 0.000000 0.000000 0.000000 0.000000
22.000000 0.485390 0.052068 0.805215 0.000000 0.000000 0.000000 0.000000
23.000000 0.530782 0.053389 0.828636 0.000000 0.000000 0.000000 0.000000
24.000000 0.579789 0.054654 0.851351 0.000000 0.000000 0.000000 0.000000
25.000000 0.633010 0.055608 0.874239 0.000000 0.000000 0.000000 0.000000
26.000000 0.691985 0.056028 0.898478 0.000000 0.000000 0.000000 0.000000
27.000000 0.754778 0.057007 0.923319 0.000000 0.000000 0.000000 0.000000
28.000000 0.818944 0.058215 0.948597 0.000000 0.000000 0.000000 0.000000
29.000000 0.885249 0.059799 0.973841 0.000000 0.000000 0.000000 0.000000
30.000000 0.953676 0.061773 0.999769 0.000000 0.000000 0.000000 0.000000
31.000000 1.025058 0.063482 1.026510 0.000000 0.000000 0.000000 0.000000
32.000000 1.096710 0.065176 1.052558 0.000000 0.000000 0.000000 0.000000
33.000000 1.168656 0.066593 1.077950 0.000000 0.000000 0.000000 0.000000
34.000000 1.244447 0.068129 1.103922 0.000000 0.000000 0.000000 0.000000
35.000000 1.322177 0.069717 1.129874 0.000000 0.000000 0.000000 0.000000
36.000000 1.404664 0.071625 1.157103 0.000000 0.000000 0.000000 0.000000
37.000000 1.490696 0.074083 1.184882 0.000000 0.000000 0.000000 0.000000
38.000000 1.575534 0.076846 1.211493 0.000000 0.000000 0.000000 0.000000
39.000000 1.667152 0.080289 1.238583 0.000000 0.000000 0.000000 0.000000
40.000000 1.758022 0.083171 1.264281 0.000000 0.000000 0.000000 0.000000
41.000000 1.851984 0.085367 1.289041 0.000000 0.000000 0.000000 0.000000
42.000000 1.949499 0.086721 1.313309 0.000000 0.000000 0.000000 0.000000
43.000000 2.043321 0.087581 1.333909 0.000000 0.000000 0.000000 0.000000
44.000000 2.143398 0.088843 1.352958 0.000000 0.000000 0.000000 0.000000
45.000000 2.235014 0.089240 1.367685 0.000000 0.000000 0.000000 0.000000
46.000000 2.329489 0.090386 1.379027 0.000000 0.000000 0.000000 0.000000
47.000000 2.432647 0.091963 1.388571 0.000000 0.000000 0.000000 0.000000
48.000000 2.538062 0.093818 1.395527 0.000000 0.000000 0.000000 0.000000
49.000000 2.647729 0.095343 1.399923 0.000000 0.000000 0.000000 0.000000
50.000000 2.764211 0.097063 1.400974 0.000000 0.000000 0.000000 0.000000
51.000000 2.887387 0.099047 1.397918 0.000000 0.000000 0.000000 0.000000
52.000000 3.007916 0.100135 1.391106 0.000000 0.000000 0.000000 0.000000
53.000000 3.124002 0.101113 1.380521 0.000000 0.000000 0.000000 0.000000
54.000000 3.239730 0.101537 1.366595 0.000000 0.000000 0.000000 0.000000
55.000000 3.343827 0.102483 1.352328 0.000000 0.000000 0.000000 0.000000
56.000000 3.447239 0.104078 1.335758 0.000000 0.000000 0.000000 0.000000
57.000000 3.541527 0.104701 1.317966 0.000000 0.000000 0.000000 0.000000
58.000000 3.631825 0.104901 1.297505 0.000000 0.000000 0.000000 0.000000
59.000000 3.729732 0.103639 1.269682 0.000000 0.000000 0.000000 0.000000
60.000000 3.820455 0.102915 1.240000 0.000000 0.000000 0.000000 0.000000
61.000000 3.904556 0.102384 1.210697 0.000000 0.000000 0.000000 0.000000
62.000000 3.985983 0.102131 1.181032 0.000000 0.000000 0.000000 0.000000
63.000000 4.073184 0.102619 1.147919 0.000000 0.000000 0.000000 0.000000
64.000000 4.167489 0.102872 1.110049 0.000000 0.000000 0.000000 0.000000
65.000000 4.262767 0.102308 1.071331 0.000000 0.000000 0.000000 0.000000
66.000000 4.347865 0.100863 1.034933 0.000000 0.000000 0.000000 0.000000
67.000000 4.427706 0.100369 0.999741 0.000000 0.000000 0.000000 0.000000
68.000000 4.505457 0.100441 0.964189 0.000000 0.000000 0.000000 0.000000
69.000000 4.589736 0.100398 0.924444 0.000000 0.000000 0.000000 0.000000
70.000000 4.674410 0.099902 0.883047 0.000000 0.000000 0.000000 0.000000
71.000000 4.763095 0.099018 0.839575 0.000000 0.000000 0.000000 0.000000
72.000000 4.846228 0.097686 0.799786 0.000000 0.000000 0.000000 0.000000
73.000000 4.926094 0.095903 0.762430 0.000000 0.000000 0.000000 0.000000
74.000000 5.010356 0.094525 0.724816 0.000000 0.000000 0.000000 0.000000
75.000000 5.097195 0.093325 0.687427 0.000000 0.000000 0.000000 0.000000
76.000000 5.185543 0.092225 0.650493 0.000000 0.000000 0.000000 0.000000
77.000000 5.275915 0.091291 0.613686 0.000000 0.000000 0.000000 0.000000
78.000000 5.375833 0.089242 0.573424 0.000000 0.000000 0.000000 0.000000
79.000000 5.482769 0.086377 0.530187 0.000000 0.000000 0.000000 0.000000
80.000000 5.593686 0.083362 0.484637 0.000000 0.000000 0.000000 0.000000
81.000000 5.705996 0.080554 0.437800 0.000000 0.000000 0.000000 0.000000
82.000000 5.819313 0.077872 0.390734 0.000000 0.000000 0.000000 0.000000
83.000000 5.938660 0.075161 0.341414 0.000000 0.000000 0.000000 0.000000
84.000000 6.062369 0.071773 0.290458 0.000000 0.000000 0.000000 0.000000
85.000000 6.183499 0.068716 0.240755 0.000000 0.000000 0.000000 0.000000
86.000000 6.302973 0.065698 0.193287 0.000000 0.000000 0.000000 0.000000
87.000000 6.417160 0.063048 0.147860 0.000000 0.000000 0.000000 0.000000
88.000000 6.535552 0.060343 0.100249 0.000000 0.000000 0.000000 0.000000
89.000000 6.650245 0.057156 0.053353 0.000000 0.000000 0.000000 0.000000
90.000000 6.758565 0.053950 0.009644 0.000000 0.000000 0.000000 0.000000
91.000000 6.874552 0.051233 -0.036239 0.000000 0.000000 0.000000 0.000000
92.000000 6.986431 0.049158 -0.079570 0.000000 0.000000 0.000000 0.000000
93.000000 7.094426 0.047263 -0.121555 0.000000 0.000000 0.000000 0.000000
94.000000 7.202772 0.045583 -0.163608 0.000000 0.000000 0.000000 0.000000
95.000000 7.313613 0.043185 -0.206741 0.000000 0.000000 0.000000 0.000000
96.000000 7.426123 0.040513 -0.250173 0.000000 0.000000 0.000000 0.000000
97.000000 7.543436 0.037897 -0.295726 0.000000 0.000000 0.000000 0.000000
98.000000 7.662307 0.034824 -0.343643 0.000000 0.000000 0.000000 0.000000
99.000000 7.783893 0.031506 -0.393082 0.000000 0.000000 0.000000 0.000000
100.000000 7.906720 0.028144 -0.443399 0.000000 0.000000 0.000000 0.000000
101.000000 8.036523 0.024627 -0.497541 0.000000 0.000000 0.000000 0.000000
102.000000 8.155512 0.021947 -0.548167 0.000000 0.000000 0.000000 0.000000
103.000000 8.273117 0.019543 -0.597744 0.000000 0.000000 0.000000 0.000000
104.000000 8.392088 0.016170 -0.648648 0.000000 0.000000 0.000000 0.000000
105.000000 8.502599 0.013059 -0.697320 0.000000 0.000000 0.000000 0.000000
106.000000 8.617502 0.009436 -0.748450 0.000000 0.000000 0.000000 0.000000
107.000000 8.735992 0.005582 -0.800261 0.000000 0.000000 0.000000 0.000000
108.000000 8.849149 0.003088 -0.849366 0.000000 0.000000 0.000000 0.000000
109.000000 8.959119 0.001863 -0.897317 0.000000 0.000000 0.000000 0.000000
110.000000 9.070943 0.000153 -0.945629 0.000000 0.000000 0.000000 0.000000
111.000000 9.181168 -0.003057 -0.993985 0.000000 0.000000 0.000000 0.000000
112.000000 9.280700 -0.007307 -1.039147 0.000000 0.000000 0.000000 0.000000
113.000000 9.377107 -0.011082 -1.082996 0.000000 0.000000 0.000000 0.000000
114.000000 9.477626 -0.015191 -1.128933 0.000000 0.000000 0.000000 0.000000
115.000000 9.585172 -0.019032 -1.176491 0.000000 0.000000 0.000000 0.000000
116.000000 9.701989 -0.022932 -1.227250 0.000000 0.000000 0.000000 0.000000
117.000000 9.817914 -0.027141 -1.278114 0.000000 0.000000 0.000000 0.000000
118.000000 9.930968 -0.030936 -1.328430 0.000000 0.000000 0.000000 0.000000
119.000000 10.043730 -0.034465 -1.377251 0.000000 0.000000 0.000000 0.000000
120.000000 10.163856 -0.037827 -1.428142 0.000000 0.000000 0.000000 0.000000
121.000000 10.281555 -0.041487 -1.477538 0.000000 0.000000 0.000000 0.000000
122.000000 10.410142 -0.045981 -1.530647 0.000000 0.000000 0.000000 0.000000
123.000000 10.540390 -0.049971 -1.583053 0.000000 0.000000 0.000000 0.000000
124.000000 10.671757 -0.053627 -1.633314 0.000000 0.000000 0.000000 0.000000
125.000000 10.804796 -0.057418 -1.682014 0.000000 0.000000 0.000000 0.000000
126.000000 10.927460 -0.061118 -1.724532 0.000000 0.000000 0.000000 0.000000
127.000000 11.068963 -0.065025 -1.771519 0.000000 0.000000 0.000000 0.000000
128.000000 11.215837 -0.068578 -1.817562 0.000000 0.000000 0.000000 0.000000
129.000000 11.356521 -0.071600 -1.859664 0.000000 0.000000 0.000000 0.000000
130.000000 11.494157 -0.075661 -1.900458 0.000000 0.000000 0.000000 0.000000
131.000000 11.637707 -0.081292 -1.942375 0.000000 0.000000 0.000000 0.000000
132.000000 11.779394 -0.086370 -1.980096 0.000000 0.000000 0.000000 0.000000
133.000000 11.929345 -0.091798 -2.016588 0.000000 0.000000 0.000000 0.000000
134.000000 12.080055 -0.096036 -2.050234 0.000000 0.000000 0.000000 0.000000
135.000000 12.231865 -0.100288 -2.082365 0.000000 0.000000 0.000000 0.000000
136.000000 12.383065 -0.105617 -2.115091 0.000000 0.000000 0.000000 0.000000
137.000000 12.537335 -0.111522 -2.146908 0.000000 0.000000 0.000000 0.000000
138.000000 12.690720 -0.117871 -2.178359 0.000000 0.000000 0.000000 0.000000
139.000000 12.844578 -0.124941 -2.209980 0.000000 0.000000 0.000000 0.000000
140.000000 12.993693 -0.132080 -2.239188 0.000000 0.000000 0.000000 0.000000
141.000000 13.146221 -0.139416 -2.266856 0.000000 0.000000 0.000000 0.000000
142.000000 13.296782 -0.146997 -2.292202 0.000000 0.000000 0.000000 0.000000
143.000000 13.446435 -0.153888 -2.316204 0.000000 0.000000 0.000000 0.000000
144.000000 13.597334 -0.161092 -2.337223 0.000000 0.000000 0.000000 0.000000
145.000000 13.745238 -0.167518 -2.357427 0.000000 0.000000 0.000000 0.000000
146.000000 13.887361 -0.174047 -2.376764 0.000000 0.000000 0.000000 0.000000
147.000000 14.032022 -0.181834 -2.396071 0.000000 0.000000 0.000000 0.000000
148.000000 14.177030 -0.190459 -2.413486 0.000000 0.000000 0.000000 0.000000
149.000000 14.326854 -0.199283 -2.428936 0.000000 0.000000 0.000000 0.000000
150.000000 14.465980 -0.206554 -2.440949 0.000000 0.000000 0.000000 0.000000
151.000000 14.613138 -0.213903 -2.453950 0.000000 0.000000 0.000000 0.000000
152.000000 14.751600 -0.221494 -2.465670 0.000000 0.000000 0.000000 0.000000
153.000000 14.893967 -0.228879 -2.477235 0.000000 0.000000 0.000000 0.000000
154.000000 15.032478 -0.236685 -2.487007 0.000000 0.000000 0.000000 0.000000
155.000000 15.174840 -0.244583 -2.496793 0.000000 0.000000 0.000000 0.000000
156.000000 15.318003 -0.252241 -2.506237 0.000000 0.000000 0.000000 0.000000
157.000000 15.458094 -0.260163 -2.513631 0.000000 0.000000 0.000000 0.000000
158.000000 15.589208 -0.267805 -2.518663 0.000000 0.000000 0.000000 0.000000
159.000000 15.729256 -0.276922 -2.523850 0.000000 0.000000 0.000000 0.000000
160.000000 15.848895 -0.284381 -2.528523 0.000000 0.000000 0.000000 0.000000
161.000000 15.971379 -0.291980 -2.532739 0.000000 0.000000 0.000000 0.000000
162.000000 16.095701 -0.298920 -2.536917 0.000000 0.000000 0.000000 0.000000
163.000000 16.223895 -0.306244 -2.540573 0.000000 0.000000 0.000000 0.000000
164.000000 16.349076 -0.313180 -2.542406 0.000000 0.000000 0.000000 0.000000
165.000000 16.474367 -0.320035 -2.543432 0.000000 0.000000 0.000000 0.000000
166.000000 16.600277 -0.327087 -2.543345 0.000000 0.000000 0.000000 0.000000
167.000000 16.732869 -0.335317 -2.543650 0.000000 0.000000 0.000000 0.000000
168.000000 16.862680 -0.343481 -2.543640 0.000000 0.000000 0.000000 0.000000
169.000000 16.987478 -0.351663 -2.543372 0.000000 0.000000 0.000000 0.000000
170.000000 17.117095 -0.360008 -2.543150 0.000000 0.000000 0.000000 0.000000
171.000000 17.252481 -0.368794 -2.542807 0.000000 0.000000 0.000000 0.000000
172.000000 17.382866 -0.376965 -2.541950 0.000000 0.000000 0.000000 0.000000
173.000000 17.506808 -0.384330 -2.540578 0.000000 0.000000 0.000000 0.000000
174.000000 17.637358 -0.392802 -2.538898 0.000000 0.000000 0.000000 0.000000
175.000000 17.771749 -0.401361 -2.537187 0.000000 0.000000 0.000000 0.000000
176.000000 17.914573 -0.410133 -2.535708 0.000000 0.000000 0.000000 0.000000
177.000000 18.060272 -0.418752 -2.533687 0.000000 0.000000 0.000000 0.000000
178.000000 18.220760 -0.428488 -2.530873 0.000000 0.000000 0.000000 0.000000
179.000000 18.380692 -0.437570 -2.527648 0.000000 0.000000 0.000000 0.000000
180.000000 18.534148 -0.447289 -2.524082 0.000000 0.000000 0.000000 0.000000
181.000000 18.692336 -0.457021 -2.520249 0.000000 0.000000 0.000000 0.000000
182.000000 18.856003 -0.467671 -2.516018 0.000000 0.000000 0.000000 0.000000
183.000000 19.003557 -0.477421 -2.512918 0.000000 0.000000 0.000000 0.000000
184.000000 19.138541 -0.485960 -2.507364 0.000000 0.000000 0.000000 0.000000
185.000000 19.272983 -0.495103 -2.502552 0.000000 0.000000 0.000000 0.000000
186.000000 19.414775 -0.503608 -2.495792 0.000000 0.000000 0.000000 0.000000
187.000000 19.557992 -0.511809 -2.488142 0.000000 0.000000 0.000000 0.000000
188.000000 19.707762 -0.520787 -2.480348 0.000000 0.000000 0.000000 0.000000
189.000000 19.850437 -0.530192 -2.471818 0.000000 0.000000 0.000000 0.000000
190.000000 19.992736 -0.539610 -2.462541 0.000000 0.000000 0.000000 0.000000
191.000000 20.124303 -0.548808 -2.451951 0.000000 0.000000 0.000000 0.000000
192.000000 20.251399 -0.555940 -2.440442 0.000000 0.000000 0.000000 0.000000
193.000000 20.391015 -0.564555 -2.426877 0.000000 0.000000 0.000000 0.000000
194.000000 20.529480 -0.573983 -2.411259 0.000000 0.000000 0.000000 0.000000
195.000000 20.673565 -0.584338 -2.394791 0.000000 0.000000 0.000000 0.000000
196.000000 20.807939 -0.592999 -2.376360 0.000000 0.000000 0.000000 0.000000
197.000000 20.937391 -0.602080 -2.355652 0.000000 0.000000 0.000000 0.000000
198.000000 21.069639 -0.611438 -2.336376 0.000000 0.000000 0.000000 0.000000
199.000000 21.189090 -0.620520 -2.316648 0.000000 0.000000 0.000000 0.000000
200.000000 21.318096 -0.629960 -2.291504 0.000000 0.000000 0.000000 0.000000
201.000000 21.450886 -0.639030 -2.263827 0.000000 0.000000 0.000000 0.000000
202.000000 21.575427 -0.646880 -2.237236 0.000000 0.000000 0.000000 0.000000
203.000000 21.693907 -0.655156 -2.210416 0.000000 0.000000 0.000000 0.000000
204.000000 21.804754 -0.663718 -2.184780 0.000000 0.000000 0.000000 0.000000
205.000000 21.928863 -0.674173 -2.156317 0.000000 0.000000 0.000000 0.000000
206.000000 22.053337 -0.684996 -2.128507 0.000000 0.000000 0.000000 0.000000
207.000000 22.188781 -0.696494 -2.097978 0.000000 0.000000 0.000000 0.000000
208.000000 22.323424 -0.707697 -2.068478 0.000000 0.000000 0.000000 0.000000
209.000000 22.452633 -0.718394 -2.040110 0.000000 0.000000 0.000000 0.000000
210.000000 22.579918 -0.729001 -2.012449 0.000000 0.000000 0.000000 0.000000
211.000000 22.707721 -0.739455 -1.985034 0.000000 0.000000 0.000000 0.000000
212.000000 22.840379 -0.749690 -1.956634 0.000000 0.000000 0.000000 0.000000
213.000000 22.964567 -0.758814 -1.930783 0.000000 0.000000 0.000000 0.000000
214.000000 23.087172 -0.767776 -1.906267 0.000000 0.000000 0.000000 0.000000
215.000000 23.205384 -0.775740 -1.882230 0.000000 0.000000 0.000000 0.000000
216.000000 23.319338 -0.783496 -1.858677 0.000000 0.000000 0.000000 0.000000
217.000000 23.431498 -0.791346 -1.835818 0.000000 0.000000 0.000000 0.000000
218.000000 23.541564 -0.799198 -1.814819 0.000000 0.000000 0.000000 0.000000
219.000000 23.658243 -0.807591 -1.792329 0.000000 0.000000 0.000000 0.000000
220.000000 23.772241 -0.815873 -1.769969 0.000000 0.000000 0.000000 0.000000
221.000000 23.883364 -0.823796 -1.746846 0.000000 0.000000 0.000000 0.000000
222.000000 23.990348 -0.831158 -1.724303 0.000000 0.000000 0.000000 0.000000
223.000000 24.095932 -0.838814 -1.700781 0.000000 0.000000 0.000000 0.000000
224.000000 24.199838 -0.846782 -1.676502 0.000000 0.000000 0.000000 0.000000
225.000000 24.295514 -0.854478 -1.652582 0.000000 0.000000 0.000000 0.000000
226.000000 24.394070 -0.861237 -1.627569 0.000000 0.000000 0.000000 0.000000
227.000000 24.491600 -0.867810 -1.601538 0.000000 0.000000 0.000000 0.000000
228.000000 24.591407 -0.873947 -1.573031 0.000000 0.000000 0.000000 0.000000
229.000000 24.696513 -0.880795 -1.540471 0.000000 0.000000 0.000000 0.000000
230.000000 24.802526 -0.886710 -1.505832 0.000000 0.000000 0.000000 0.000000
231.000000 24.913325 -0.892560 -1.466447 0.000000 0.000000 0.000000 0.000000
232.000000 25.019897 -0.898578 -1.426988 0.000000 0.000000 0.000000 0.000000
233.000000 25.124397 -0.903994 -1.385594 0.000000 0.000000 0.000000 0.000000
234.000000 25.229337 -0.909196 -1.341842 0.000000 0.000000 0.000000 0.000000
235.000000 25.338557 -0.914670 -1.294418 0.000000 0.000000 0.000000 0.000000
236.000000 25.441516 -0.919161 -1.248673 0.000000 0.000000 0.000000 0.000000
237.000000 25.538754 -0.922929 -1.204253 0.000000 0.000000 0.000000 0.000000
238.000000 25.627833 -0.926245 -1.161656 0.000000 0.000000 0.000000 0.000000
239.000000 25.706877 -0.930808 -1.124408 0.000000 0.000000 0.000000 0.000000
240.000000 25.781486 -0.934679 -1.087930 0.000000 0.000000 0.000000 0.000000
241.000000 25.860547 -0.938706 -1.050208 0.000000 0.000000 0.000000 0.000000
242.000000 25.941815 -0.944347 -1.009649 0.000000 0.000000 0.000000 0.000000
243.000000 26.033433 -0.948589 -0.964352 0.000000 0.000000 0.000000 0.000000
244.000000 26.114805 -0.952343 -0.923556 0.000000 0.000000 0.000000 0.000000
245.000000 26.192774 -0.955494 -0.884498 0.000000 0.000000 0.000000 0.000000
246.000000 26.264535 -0.958925 -0.849127 0.000000 0.000000 0.000000 0.000000
247.000000 26.339714 -0.962068 -0.812311 0.000000 0.000000 0.000000 0.000000
248.000000 26.414725 -0.965150 -0.774729 0.000000 0.000000 0.000000 0.000000
249.000000 26.491823 -0.968011 -0.735185 0.000000 0.000000 0.000000 0.000000
250.000000 26.569973 -0.970783 -0.694519 0.000000 0.000000 0.000000 0.000000
251.000000 26.642628 -0.973365 -0.654817 0.000000 0.000000 0.000000 0.000000
252.000000 26.715704 -0.975853 -0.613454 0.000000 0.000000 0.000000 0.000000
253.000000 26.787548 -0.978455 -0.571745 0.000000 0.000000 0.000000 0.000000
254.000000 26.854490 -0.980927 -0.531941 0.000000 0.000000 0.000000 0.000000
255.000000 26.924752 -0.983284 -0.489402 0.000000 0.000000 0.000000 0.000000
256.000000 26.999185 -0.985201 -0.442525 0.000000 0.000000 0.000000 0.000000
257.000000 27.068193 -0.986586 -0.397907 0.000000 0.000000 0.000000 0.000000
258.000000 27.136255 -0.988042 -0.352109 0.000000 0.000000 0.000000 0.000000
259.000000 27.203428 -0.990389 -0.305003 0.000000 0.000000 0.000000 0.000000
260.000000 27.272321 -0.992308 -0.256548 0.000000 0.000000 0.000000 0.000000
261.000000 27.344481 -0.994367 -0.204984 0.000000 0.000000 0.000000 0.000000
262.000000 27.411833 -0.996390 -0.155802 0.000000 0.000000 0.000000 0.000000
263.000000 27.487884 -0.997799 -0.099490 0.000000 0.000000 0.000000 0.000000
264.000000 27.560511 -0.999255 -0.045988 0.000000 0.000000 0.000000 0.000000
265.000000 27.636614 -1.000471 0.009465 0.000000 0.000000 0.000000 0.000000
266.000000 27.716956 -1.001615 0.067641 0.000000 0.000000 0.000000 0.000000
267.000000 27.797882 -1.002406 0.126581 0.000000 0.000000 0.000000 0.000000
268.000000 27.883894 -1.003613 0.188740 0.000000 0.000000 0.000000 0.000000
269.000000 27.970486 -1.005223 0.250738 0.000000 0.000000 0.000000 0.000000
270.000000 28.064941 -1.006311 0.319572 0.000000 0.000000 0.000000 0.000000
271.000000 28.159552 -1.007124 0.388379 0.000000 0.000000 0.000000 0.000000
272.000000 28.258563 -1.008069 0.459390 0.000000 0.000000 0.000000 0.000000
273.000000 28.352241 -1.009234 0.526582 0.000000 0.000000 0.000000 0.000000
274.000000 28.450147 -1.010332 0.596766 0.000000 0.000000 0.000000 0.000000
275.000000 28.547637 -1.010958 0.666856 0.000000 0.000000 0.000000 0.000000
276.000000 28.645272 -1.011202 0.737048 0.000000 0.000000 0.000000 0.000000
277.000000 28.745297 -1.012043 0.809343 0.000000 0.000000 0.000000 0.000000
278.000000 28.843527 -1.013455 0.881060 0.000000 0.000000 0.000000 0.000000
279.000000 28.937480 -1.015213 0.950565 0.000000 0.000000 0.000000 0.000000
280.000000 29.028191 -1.016777 1.016938 0.000000 0.000000 0.000000 0.000000
281.000000 29.128380 -1.018176 1.089836 0.000000 0.000000 0.000000 0.000000
282.000000 29.234293 -1.019687 1.166109 0.000000 0.000000 0.000000 0.000000
283.000000 29.334070 -1.021105 1.236529 0.000000 0.000000 0.000000 0.000000
284.000000 29.428875 -1.022759 1.301754 0.000000 0.000000 0.000000 0.000000
285.000000 29.518605 -1.024447 1.359687 0.000000 0.000000 0.000000 0.000000
286.000000 29.608131 -1.026044 1.415644 0.000000 0.000000 0.000000 0.000000
287.000000 29.691962 -1.027673 1.466008 0.000000 0.000000 0.000000 0.000000
288.000000 29.777707 -1.029007 1.515862 0.000000 0.000000 0.000000 0.000000
289.000000 29.869558 -1.029854 1.567644 0.000000 0.000000 0.000000 0.000000
290.000000 29.966047 -1.030855 1.621561 0.000000 0.000000 0.000000 0.000000
291.000000 30.063210 -1.032831 1.676232 0.000000 0.000000 0.000000 0.000000
292.000000 30.161311 -1.034696 1.731096 0.000000 0.000000 0.000000 0.000000
293.000000 30.260929 -1.036063 1.786736 0.000000 0.000000 0.000000 0.000000
294.000000 30.358383 -1.037405 1.840490 0.000000 0.000000 0.000000 0.000000
295.000000 30.460049 -1.039122 1.897172 0.000000 0.000000 0.000000 0.000000
296.000000 30.562934 -1.041163 1.954508 0.000000 0.000000 0.000000 0.000000
297.000000 30.660470 -1.043058 2.009175 0.000000 0.000000 0.000000 0.000000
298.000000 30.761644 -1.044683 2.065394 0.000000 0.000000 0.000000 0.000000
299.000000 30.864881 -1.046335 2.123129 0.000000 0.000000 0.000000 0.000000
300.000000 30.956464 -1.047501 2.174645 0.000000 0.000000 0.000000 0.000000
301.000000 31.051244 -1.048481 2.227993 0.000000 0.000000 0.000000 0.000000
302.000000 31.149741 -1.049430 2.285259 0.000000 0.000000 0.000000 0.000000
303.000000 31.249843 -1.049805 2.344282 0.000000 0.000000 0.000000 0.000000
304.000000 31.353686 -1.050421 2.405196 0.000000 0.000000 0.000000 0.000000
305.000000 31.462162 -1.050613 2.469158 0.000000 0.000000 0.000000 0.000000
306.000000 31.570682 -1.050872 2.534131 0.000000 0.000000 0.000000 0.000000
307.000000 31.673490 -1.051528 2.597038 0.000000 0.000000 0.000000 0.000000
308.000000 31.781970 -1.052491 2.663798 0.000000 0.000000 0.000000 0.000000
309.000000 31.891859 -1.053220 2.732241 0.000000 0.000000 0.000000 0.000000
310.000000 31.999908 -1.053548 2.800080 0.000000 0.000000 0.000000 0.000000
311.000000 32.108087 -1.054086 2.868582 0.000000 0.000000 0.000000 0.000000
312.000000 32.217127 -1.055097 2.938820 0.000000 0.000000 0.000000 0.000000
313.000000 32.333417 -1.055808 3.014052 0.000000 0.000000 0.000000 0.000000
314.000000 32.437636 -1.055934 3.081648 0.000000 0.000000 0.000000 0.000000
315.000000 32.541897 -1.056311 3.150068 0.000000 0.000000 0.000000 0.000000
316.000000 32.644829 -1.056917 3.219622 0.000000 0.000000 0.000000 0.000000
317.000000 32.754723 -1.057706 3.294105 0.000000 0.000000 0.000000 0.000000
318.000000 32.854727 -1.057388 3.363130 0.000000 0.000000 0.000000 0.000000
319.000000 32.951833 -1.057592 3.432351 0.000000 0.000000 0.000000 0.000000
320.000000 33.052213 -1.058091 3.503571 0.000000 0.000000 0.000000 0.000000
321.000000 33.152522 -1.060231 3.575257 0.000000 0.000000 0.000000 0.000000
322.000000 33.251873 -1.062265 3.645831 0.000000 0.000000 0.000000 0.000000
323.000000 33.351848 -1.064639 3.717449 0.000000 0.000000 0.000000 0.000000
324.000000 33.449230 -1.065352 3.788714 0.000000 0.000000 0.000000 0.000000
325.000000 33.545306 -1.065734 3.859121 0.000000 0.000000 0.000000 0.000000
326.000000 33.638965 -1.065292 3.926201 0.000000 0.000000 0.000000 0.000000
327.000000 33.729135 -1.064486 3.991380 0.000000 0.000000 0.000000 0.000000
328.000000 33.818636 -1.064251 4.058223 0.000000 0.000000 0.000000 0.000000
329.000000 33.917087 -1.064333 4.133422 0.000000 0.000000 0.000000 0.000000
330.000000 34.016977 -1.064469 4.212020 0.000000 0.000000 0.000000 0.000000
331.000000 34.119279 -1.065081 4.291919 0.000000 0.000000 0.000000 0.000000
332.000000 34.213818 -1.066046 4.366510 0.000000 0.000000 0.000000 0.000000
333.000000 34.306237 -1.067477 4.440029 0.000000 0.000000 0.000000 0.000000
334.000000 34.396716 -1.068652 4.511932 0.000000 0.000000 0.000000 0.000000
335.000000 34.483322 -1.069201 4.580856 0.000000 0.000000 0.000000 0.000000
336.000000 34.582853 -1.069859 4.659630 0.000000 0.000000 0.000000 0.000000
337.000000 34.674142 -1.070461 4.732254 0.000000 0.000000 0.000000 0.000000
338.000000 34.765380 -1.070064 4.803418 0.000000 0.000000 0.000000 0.000000
339.000000 34.852879 -1.068580 4.874008 0.000000 0.000000 0.000000 0.000000
340.000000 34.939729 -1.067225 4.945228 0.000000 0.000000 0.000000 0.000000
341.000000 35.031687 -1.068096 5.022247 0.000000 0.000000 0.000000 0.000000
342.000000 35.124537 -1.069712 5.100624 0.000000 0.000000 0.000000 0.000000
343.000000 35.225091 -1.071590 5.185595 0.000000 0.000000 0.000000 0.000000
344.000000 35.321094 -1.073004 5.267124 0.000000 0.000000 0.000000 0.000000
345.000000 35.417745 -1.074138 5.348948 0.000000 0.000000 0.000000 0.000000
346.000000 35.510648 -1.075059 5.427603 0.000000 0.000000 0.000000 0.000000
347.000000 35.601161 -1.076045 5.503910 0.000000 0.000000 0.000000 0.000000
348.000000 35.688721 -1.076937 5.577404 0.000000 0.000000 0.000000 0.000000
349.000000 35.781818 -1.077305 5.656216 0.000000 0.000000 0.000000 0.000000
350.000000 35.872597 -1.078233 5.733033 0.000000 0.000000 0.000000 0.000000
351.000000 35.969365 -1.079780 5.815417 0.000000 0.000000 0.000000 0.000000
352.000000 36.066146 -1.080918 5.899031 0.000000 0.000000 0.000000 0.000000
353.000000 36.157642 -1.081945 5.979305 0.000000 0.000000 0.000000 0.000000
354.000000 36.243979 -1.082297 6.054633 0.000000 0.000000 0.000000 0.000000
355.000000 36.330728 -1.082428 6.130636 0.000000 0.000000 0.000000 0.000000
356.000000 36.413315 -1.083508 6.202680 0.000000 0.000000 0.000000 0.000000
357.000000 36.495473 -1.084342 6.276533 0.000000 0.000000 0.000000 0.000000
358.000000 36.576412 -1.085279 6.347574 0.000000 0.000000 0.000000 0.000000
359.000000 36.661169 -1.086350 6.423580 0.000000 0.000000 0.000000 0.000000
360.000000 36.744311 -1.087337 6.500539 0.000000 0.000000 0.000000 0.000000
361.000000 36.821445 -1.088161 6.576139 0.000000 0.000000 0.000000 0.000000
362.000000 36.899690 -1.088752 6.655106 0.000000 0.000000 0.000000 0.000000
363.000000 36.980978 -1.089280 6.740317 0.000000 0.000000 0.000000 0.000000
364.000000 37.061301 -1.089262 6.826775 0.000000 0.000000 0.000000 0.000000
365.000000 37.142551 -1.089592 6.916557 0.000000 0.000000 0.000000 0.000000
366.000000 37.233722 -1.089855 7.020914 0.000000 0.000000 0.000000 0.000000
367.000000 37.313221 -1.091032 7.114307 0.000000 0.000000 0.000000 0.000000
368.000000 37.392454 -1.092653 7.207599 0.000000 0.000000 0.000000 0.000000
369.000000 37.477028 -1.094570 7.308688 0.000000 0.000000 0.000000 0.000000
370.000000 37.561488 -1.096793 7.408656 0.000000 0.000000 0.000000 0.000000
371.000000 37.648663 -1.098638 7.508542 0.000000 0.000000 0.000000 0.000000
372.000000 37.741841 -1.101521 7.610983 0.000000 0.000000 0.000000 0.000000
373.000000 37.826459 -1.103933 7.702451 0.000000 0.000000 0.000000 0.000000
374.000000 37.910879 -1.105680 7.792035 0.000000 0.000000 0.000000 0.000000
375.000000 37.995019 -1.108053 7.879220 0.000000 0.000000 0.000000 0.000000
376.000000 38.083716 -1.110679 7.967903 0.000000 0.000000 0.000000 0.000000
377.000000 38.168567 -1.113344 8.050180 0.000000 0.000000 0.000000 0.000000
378.000000 38.259201 -1.116095 8.136407 0.000000 0.000000 0.000000 0.000000
379.000000 38.348662 -1.118511 8.220457 0.000000 0.000000 0.000000 0.000000
380.000000 38.436862 -1.120704 8.302166 0.000000 0.000000 0.000000 0.000000
381.000000 38.527159 -1.123230 8.385876 0.000000 0.000000 0.000000 0.000000
382.000000 38.622025 -1.126848 8.473558 0.000000 0.000000 0.000000 0.000000
383.000000 38.712042 -1.128915 8.556935 0.000000 0.000000 0.000000 0.000000
384.000000 38.804261 -1.131250 8.641979 0.000000 0.000000 0.000000 0.000000
385.000000 38.893510 -1.131947 8.725449 0.000000 0.000000 0.000000 0.000000
386.000000 38.979728 -1.134351 8.804465 0.000000 0.000000 0.000000 0.000000
387.000000 39.065330 -1.136832 8.882982 0.000000 0.000000 0.000000 0.000000
388.000000 39.143540 -1.139406 8.954908 0.000000 0.000000 0.000000 0.000000
389.000000 39.223245 -1.142141 9.028176 0.000000 0.000000 0.000000 0.000000
390.000000 39.301419 -1.144798 9.099885 0.000000 0.000000 0.000000 0.000000
391.000000 39.379948 -1.147512 9.172777 0.000000 0.000000 0.000000 0.000000
392.000000 39.457641 -1.149745 9.245978 0.000000 0.000000 0.000000 0.000000
393.000000 39.530361 -1.151490 9.315254 0.000000 0.000000 0.000000 0.000000
394.000000 39.604254 -1.152794 9.386507 0.000000 0.000000 0.000000 0.000000
395.000000 39.674048 -1.155232 9.453594 0.000000 0.000000 0.000000 0.000000
396.000000 39.749972 -1.157829 9.526117 0.000000 0.000000 0.000000 0.000000
397.000000 39.827478 -1.160458 9.599628 0.000000 0.000000 0.000000 0.000000
398.000000 39.898185 -1.162631 9.669613 0.000000 0.000000 0.000000 0.000000
399.000000 39.967013 -1.164228 9.740223 0.000000 0.000000 0.000000 0.000000
400.000000 40.038481 -1.165688 9.814987 0.000000 0.000000 0.000000 0.000000
401.000000 40.111019 -1.167912 9.893686 0.000000 0.000000 0.000000 0.000000
402.000000 40.183271 -1.170458 9.972924 0.000000 0.000000 0.000000 0.000000
403.000000 40.257871 -1.173106 10.055362 0.000000 0.000000 0.000000 0.000000
404.000000 40.331236 -1.175588 10.136768 0.000000 0.000000 0.000000 0.000000
405.000000 40.408992 -1.176802 10.221698 0.000000 0.000000 0.000000 0.000000
406.000000 40.480356 -1.178069 10.300757 0.000000 0.000000 0.000000 0.000000
407.000000 40.549653 -1.179414 10.381919 0.000000 0.000000 0.000000 0.000000
408.000000 40.620077 -1.181475 10.463851 0.000000 0.000000 0.000000 0.000000
409.000000 40.693982 -1.183673 10.552222 0.000000 0.000000 0.000000 0.000000
410.000000 40.764180 -1.186146 10.638053 0.000000 0.000000 0.000000 0.000000
411.000000 40.832642 -1.189234 10.724620 0.000000 0.000000 0.000000 0.000000
412.000000 40.900827 -1.191998 10.813348 0.000000 0.000000 0.000000 0.000000
413.000000 40.966815 -1.194765 10.902194 0.000000 0.000000 0.000000 0.000000
414.000000 41.037229 -1.197527 10.997872 0.000000 0.000000 0.000000 0.000000
415.000000 41.111753 -1.199752 11.102055 0.000000 0.000000 0.000000 0.000000
416.000000 41.186825 -1.201780 11.207744 0.000000 0.000000 0.000000 0.000000
417.000000 41.259020 -1.204223 11.310045 0.000000 0.000000 0.000000 0.000000
418.000000 41.336692 -1.207597 11.422289 0.000000 0.000000 0.000000 0.000000
419.000000 41.415359 -1.209775 11.538697 0.000000 0.000000 0.000000 0.000000
420.000000 41.488944 -1.211893 11.648708 0.000000 0.000000 0.000000 0.000000
421.000000 41.561913 -1.213687 11.758567 0.000000 0.000000 0.000000 0.000000
422.000000 41.634975 -1.216341 11.871377 0.000000 0.000000 0.000000 0.000000
423.000000 41.702782 -1.219061 11.978125 0.000000 0.000000 0.000000 0.000000
424.000000 41.775896 -1.222300 12.095288 0.000000 0.000000 0.000000 0.000000
425.000000 41.851229 -1.224038 12.216732 0.000000 0.000000 0.000000 0.000000
426.000000 41.924618 -1.225638 12.336821 0.000000 0.000000 0.000000 0.000000
427.000000 41.996883 -1.228386 12.456462 0.000000 0.000000 0.000000 0.000000
428.000000 42.069308 -1.230963 12.578323 0.000000 0.000000 0.000000 0.000000
429.000000 42.146742 -1.233524 12.710851 0.000000 0.000000 0.000000 0.000000
430.000000 42.221199 -1.235392 12.839838 0.000000 0.000000 0.000000 0.000000
431.000000 42.296590 -1.237987 12.971917 0.000000 0.000000 0.000000 0.000000
432.000000 42.374467 -1.240401 13.110087 0.000000 0.000000 0.000000 0.000000
433.000000 42.451475 -1.242489 13.247692 0.000000 0.000000 0.000000 0.000000
434.000000 42.524419 -1.244555 13.381026 0.000000 0.000000 0.000000 0.000000
435.000000 42.596456 -1.246818 13.515612 0.000000 0.000000 0.000000 0.000000
436.000000 42.668709 -1.249663 13.652843 0.000000 0.000000 0.000000 0.000000
437.000000 42.738156 -1.253100 13.787888 0.000000 0.000000 0.000000 0.000000
438.000000 42.805449 -1.256251 13.920489 0.000000 0.000000 0.000000 0.000000
439.000000 42.873484 -1.260063 14.055547 0.000000 0.000000 0.000000 0.000000
440.000000 42.937902 -1.263826 14.185309 0.000000 0.000000 0.000000 0.000000
441.000000 43.001954 -1.267827 14.316739 0.000000 0.000000 0.000000 0.000000
442.000000 43.065714 -1.271428 14.449182 0.000000 0.000000 0.000000 0.000000
443.000000 43.128587 -1.275464 14.580341 0.000000 0.000000 0.000000 0.000000
444.000000 43.193400 -1.278688 14.715211 0.000000 0.000000 0.000000 0.000000
445.000000 43.253836 -1.280862 14.844418 0.000000 0.000000 0.000000 0.000000
446.000000 43.311464 -1.283283 14.968427 0.000000 0.000000 0.000000 0.000000
447.000000 43.368869 -1.286243 15.089677 0.000000 0.000000 0.000000 0.000000
448.000000 43.421174 -1.289768 15.202681 0.000000 0.000000 0.000000 0.000000
449.000000 43.476667 -1.293365 15.321678 0.000000 0.000000 0.000000 0.000000
450.000000 43.531685 -1.297212 15.440918 0.000000 0.000000 0.000000 0.000000
451.000000 43.590967 -1.300839 15.570183 0.000000 0.000000 0.000000 0.000000
452.000000 43.648519 -1.303643 15.694623 0.000000 0.000000 0.000000 0.000000
453.000000 43.704064 -1.305929 15.811200 0.000000 0.000000 0.000000 0.000000
454.000000 43.761906 -1.309028 15.928394 0.000000 0.000000 0.000000 0.000000
455.000000 43.819305 -1.312454 16.041267 0.000000 0.000000 0.000000 0.000000
456.000000 43.875738 -1.315964 16.149794 0.000000 0.000000 0.000000 0.000000
457.000000 43.933180 -1.319998 16.258140 0.000000 0.000000 0.000000 0.000000
458.000000 43.996225 -1.324252 16.376530 0.000000 0.000000 0.000000 0.000000
459.000000 44.056566 -1.328312 16.486531 0.000000 0.000000 0.000000 0.000000
460.000000 44.118447 -1.332234 16.597765 0.000000 0.000000 0.000000 0.000000
461.000000 44.179678 -1.336499 16.706059 0.000000 0.000000 0.000000 0.000000
462.000000 44.245624 -1.340058 16.817829 0.000000 0.000000 0.000000 0.000000
463.000000 44.311483 -1.344171 16.924599 0.000000 0.000000 0.000000 0.000000
464.000000 44.380031 -1.349363 17.034311 0.000000 0.000000 0.000000 0.000000
465.000000 44.449772 -1.354676 17.144692 0.000000 0.000000 0.000000 0.000000
466.000000 44.522668 -1.359731 17.259801 0.000000 0.000000 0.000000 0.000000
467.000000 44.594279 -1.364813 17.372405 0.000000 0.000000 0.000000 0.000000
468.000000 44.667393 -1.369114 17.486048 0.000000 0.000000 0.000000 0.000000
469.000000 44.741572 -1.373708 17.601066 0.000000 0.000000 0.000000 0.000000
470.000000 44.815109 -1.378098 17.714822 0.000000 0.000000 0.000000 0.000000
471.000000 44.893854 -1.382605 17.833501 0.000000 0.000000 0.000000 0.000000
472.000000 44.970494 -1.387170 17.947901 0.000000 0.000000 0.000000 0.000000
473.000000 45.046079 -1.391462 18.060173 0.000000 0.000000 0.000000 0.000000
474.000000 45.120574 -1.395990 18.169417 0.000000 0.000000 0.000000 0.000000
475.000000 45.195355 -1.401314 18.277980 0.000000 0.000000 0.000000 0.000000
476.000000 45.272357 -1.407340 18.390990 0.000000 0.000000 0.000000 0.000000
477.000000 45.350941 -1.413243 18.505760 0.000000 0.000000 0.000000 0.000000
478.000000 45.434420 -1.419302 18.627309 0.000000 0.000000 0.000000 0.000000
479.000000 45.519564 -1.424328 18.748819 0.000000 0.000000 0.000000 0.000000
480.000000 45.602444 -1.429334 18.864866 0.000000 0.000000 0.000000 0.000000
481.000000 45.685370 -1.434626 18.981058 0.000000 0.000000 0.000000 0.000000
482.000000 45.774258 -1.440450 19.106566 0.000000 0.000000 0.000000 0.000000
483.000000 45.861841 -1.446039 19.232064 0.000000 0.000000 0.000000 0.000000
484.000000 45.948093 -1.451676 19.355829 0.000000 0.000000 0.000000 0.000000
485.000000 46.036374 -1.457108 19.482171 0.000000 0.000000 0.000000 0.000000
486.000000 46.120317 -1.461276 19.602134 0.000000 0.000000 0.000000 0.000000
487.000000 46.204261 -1.466503 19.720681 0.000000 0.000000 0.000000 0.000000
488.000000 46.292816 -1.472889 19.844040 0.000000 0.000000 0.000000 0.000000
489.000000 46.383231 -1.480126 19.969411 0.000000 0.000000 0.000000 0.000000
490.000000 46.478417 -1.487056 20.100911 0.000000 0.000000 0.000000 0.000000
491.000000 46.562717 -1.493084 20.218007 0.000000 0.000000 0.000000 0.000000
492.000000 46.655295 -1.498806 20.347073 0.000000 0.000000 0.000000 0.000000
493.000000 46.745589 -1.504064 20.473291 0.000000 0.000000 0.000000 0.000000
494.000000 46.834407 -1.509264 20.597879 0.000000 0.000000 0.000000 0.000000
495.000000 46.918381 -1.514875 20.714963 0.000000 0.000000 0.000000 0.000000
496.000000 47.004933 -1.520927 20.835181 0.000000 0.000000 0.000000 0.000000
497.000000 47.098864 -1.527233 20.964972 0.000000 0.000000 0.000000 0.000000
498.000000 47.192654 -1.532751 21.093514 0.000000 0.000000 0.000000 0.000000
499.000000 47.280889 -1.538374 21.214708 0.000000 0.000000 0.000000 0.000000
500.000000 47.370200 -1.544812 21.338851 0.000000 0.000000 0.000000 0.000000
501.000000 47.456414 -1.551165 21.457818 0.000000 0.000000 0.000000 0.000000
502.000000 47.544875 -1.557180 21.580053 0.000000 0.000000 0.000000 0.000000
503.000000 47.639277 -1.563319 21.710281 0.000000 0.000000 0.000000 0.000000
504.000000 47.733685 -1.569697 21.841234 0.000000 0.000000 0.000000 0.000000
505.000000 47.830470 -1.575087 21.975132 0.000000 0.000000 0.000000 0.000000
506.000000 47.926479 -1.579971 22.106381 0.000000 0.000000 0.000000 0.000000
507.000000 48.017706 -1.584625 22.230087 0.000000 0.000000 0.000000 0.000000
508.000000 48.117533 -1.590280 22.363844 0.000000 0.000000 0.000000 0.000000
509.000000 48.215665 -1.595227 22.498203 0.000000 0.000000 0.000000 0.000000
510.000000 48.303236 -1.600033 22.619483 0.000000 0.000000 0.000000 0.000000
511.000000 48.385072 -1.604303 22.733093 0.000000 0.000000 0.000000 0.000000
512.000000 48.467837 -1.608680 22.847503 0.000000 0.000000 0.000000 0.000000
513.000000 48.555622 -1.613411 22.969933 0.000000 0.000000 0.000000 0.000000
514.000000 48.641407 -1.617911 23.088517 0.000000 0.000000 0.000000 0.000000
515.000000 48.728358 -1.621617 23.209682 0.000000 0.000000 0.000000 0.000000
516.000000 48.813057 -1.625200 23.330593 0.000000 0.000000 0.000000 0.000000
517.000000 48.895155 -1.627968 23.449368 0.000000 0.000000 0.000000 0.000000
518.000000 48.973496 -1.630023 23.563258 0.000000 0.000000 0.000000 0.000000
519.000000 49.050649 -1.632315 23.675598 0.000000 0.000000 0.000000 0.000000
520.000000 49.129080 -1.633878 23.790592 0.000000 0.000000 0.000000 0.000000
521.000000 49.211521 -1.635717 23.910569 0.000000 0.000000 0.000000 0.000000
522.000000 49.293024 -1.637646 24.028926 0.000000 0.000000 0.000000 0.000000
523.000000 49.370376 -1.640001 24.141338 0.000000 0.000000 0.000000 0.000000
524.000000 49.446702 -1.642018 24.252565 0.000000 0.000000 0.000000 0.000000
525.000000 49.522332 -1.643591 24.361707 0.000000 0.000000 0.000000 0.000000
526.000000 49.596028 -1.645274 24.466879 0.000000 0.000000 0.000000 0.000000
527.000000 49.670126 -1.646571 24.573063 0.000000 0.000000 0.000000 0.000000
528.000000 49.743478 -1.647750 24.678183 0.000000 0.000000 0.000000 0.000000
529.000000 49.816517 -1.648961 24.783785 0.000000 0.000000 0.000000 0.000000
530.000000 49.898918 -1.650370 24.900639 0.000000 0.000000 0.000000 0.000000
531.000000 49.977339 -1.652343 25.009300 0.000000 0.000000 0.000000 0.000000
532.000000 50.047576 -1.654937 25.102923 0.000000 0.000000 0.000000 0.000000
533.000000 50.117638 -1.656979 25.192870 0.000000 0.000000 0.000000 0.000000
534.000000 50.187074 -1.658601 25.282055 0.000000 0.000000 0.000000 0.000000
535.000000 50.261796 -1.660170 25.378020 0.000000 0.000000 0.000000 0.000000
536.000000 50.338159 -1.661358 25.475445 0.000000 0.000000 0.000000 0.000000
537.000000 50.415956 -1.662657 25.572601 0.000000 0.000000 0.000000 0.000000
538.000000 50.492775 -1.664505 25.666307 0.000000 0.000000 0.000000 0.000000
539.000000 50.574033 -1.667056 25.762336 0.000000 0.000000 0.000000 0.000000
540.000000 50.649294 -1.669286 25.849929 0.000000 0.000000 0.000000 0.000000
541.000000 50.724107 -1.671647 25.937853 0.000000 0.000000 0.000000 0.000000
542.000000 50.797637 -1.674086 26.023790 0.000000 0.000000 0.000000 0.000000
543.000000 50.870342 -1.674494 26.105040 0.000000 0.000000 0.000000 0.000000
544.000000 50.954435 -1.674479 26.198224 0.000000 0.000000 0.000000 0.000000
545.000000 51.041579 -1.675107 26.298032 0.000000 0.000000 0.000000 0.000000
546.000000 51.127052 -1.675749 26.396451 0.000000 0.000000 0.000000 0.000000
547.000000 51.209469 -1.675427 26.490712 0.000000 0.000000 0.000000 0.000000
548.000000 51.295647 -1.675114 26.588441 0.000000 0.000000 0.000000 0.000000
549.000000 51.384388 -1.674964 26.685809 0.000000 0.000000 0.000000 0.000000
550.000000 51.472023 -1.674894 26.779721 0.000000 0.000000 0.000000 0.000000
551.000000 51.560475 -1.676204 26.875435 0.000000 0.000000 0.000000 0.000000
552.000000 51.645839 -1.676979 26.967463 0.000000 0.000000 0.000000 0.000000
553.000000 51.728057 -1.677480 27.056531 0.000000 0.000000 0.000000 0.000000
554.000000 51.809606 -1.677747 27.143475 0.000000 0.000000 0.000000 0.000000
555.000000 51.890282 -1.677723 27.229637 0.000000 0.000000 0.000000 0.000000
556.000000 51.973087 -1.677876 27.317551 0.000000 0.000000 0.000000 0.000000
557.000000 52.062806 -1.678352 27.410640 0.000000 0.000000 0.000000 0.000000
558.000000 52.153552 -1.678973 27.501625 0.000000 0.000000 0.000000 0.000000
559.000000 52.240793 -1.678843 27.586600 0.000000 0.000000 0.000000 0.000000
560.000000 52.330995 -1.679252 27.673256 0.000000 0.000000 0.000000 0.000000
561.000000 52.423740 -1.679708 27.762845 0.000000 0.000000 0.000000 0.000000
562.000000 52.515486 -1.680656 27.850208 0.000000 0.000000 0.000000 0.000000
563.000000 52.602840 -1.681371 27.930863 0.000000 0.000000 0.000000 0.000000
564.000000 52.693494 -1.681985 28.011446 0.000000 0.000000 0.000000 0.000000
565.000000 52.780696 -1.684415 28.085373 0.000000 0.000000 0.000000 0.000000
566.000000 52.874593 -1.687802 28.163076 0.000000 0.000000 0.000000 0.000000
567.000000 52.966340 -1.692130 28.236154 0.000000 0.000000 0.000000 0.000000
568.000000 53.068889 -1.697069 28.313614 0.000000 0.000000 0.000000 0.000000
569.000000 53.172754 -1.702221 28.388720 0.000000 0.000000 0.000000 0.000000
570.000000 53.278292 -1.706647 28.459426 0.000000 0.000000 0.000000 0.000000
571.000000 53.378529 -1.709186 28.521230 0.000000 0.000000 0.000000 0.000000
572.000000 53.469101 -1.712077 28.576244 0.000000 0.000000 0.000000 0.000000
573.000000 53.563521 -1.715678 28.632399 0.000000 0.000000 0.000000 0.000000
574.000000 53.659698 -1.717767 28.688567 0.000000 0.000000 0.000000 0.000000
575.000000 53.755814 -1.719920 28.746141 0.000000 0.000000 0.000000 0.000000
576.000000 53.854422 -1.721689 28.804895 0.000000 0.000000 0.000000 0.000000
577.000000 53.952319 -1.723763 28.862878 0.000000 0.000000 0.000000 0.000000
578.000000 54.061594 -1.727449 28.928183 0.000000 0.000000 0.000000 0.000000
579.000000 54.163468 -1.729580 28.988302 0.000000 0.000000 0.000000 0.000000
580.000000 54.251902 -1.734394 29.040618 0.000000 0.000000 0.000000 0.000000
581.000000 54.338459 -1.739089 29.094280 0.000000 0.000000 0.000000 0.000000
582.000000 54.437978 -1.741912 29.151367 0.000000 0.000000 0.000000 0.000000
583.000000 54.558497 -1.745921 29.218613 0.000000 0.000000 0.000000 0.000000
584.000000 54.676256 -1.751792 29.284082 0.000000 0.000000 0.000000 0.000000
585.000000 54.779488 -1.755088 29.341140 0.000000 0.000000 0.000000 0.000000
586.000000 54.872006 -1.762609 29.394184 0.000000 0.000000 0.000000 0.000000
587.000000 54.972221 -1.770798 29.452104 0.000000 0.000000 0.000000 0.000000
588.000000 55.082538 -1.775249 29.511849 0.000000 0.000000 0.000000 0.000000
589.000000 55.188812 -1.779528 29.571109 0.000000 0.000000 0.000000 0.000000
590.000000 55.296564 -1.787582 29.631742 0.000000 0.000000 0.000000 0.000000
591.000000 55.398767 -1.794182 29.687688 0.000000 0.000000 0.000000 0.000000
592.000000 55.493062 -1.799417 29.740527 0.000000 0.000000 0.000000 0.000000
593.000000 55.592880 -1.804533 29.798449 0.000000 0.000000 0.000000 0.000000
594.000000 55.695898 -1.809969 29.858065 0.000000 0.000000 0.000000 0.000000
595.000000 55.792148 -1.816557 29.913875 0.000000 0.000000 0.000000 0.000000
596.000000 55.897759 -1.824681 29.974773 0.000000 0.000000 0.000000 0.000000
597.000000 55.992221 -1.831828 30.028507 0.000000 0.000000 0.000000 0.000000
598.000000 56.082626 -1.838958 30.080907 0.000000 0.000000 0.000000 0.000000
599.000000 56.170593 -1.846680 30.132029 0.000000 0.000000 0.000000 0.000000
600.000000 56.256677 -1.854730 30.181596 0.000000 0.000000 0.000000 0.000000
601.000000 56.334676 -1.862151 30.224741 0.000000 0.000000 0.000000 0.000000
602.000000 56.407046 -1.869136 30.261731 0.000000 0.000000 0.000000 0.000000
603.000000 56.476706 -1.876055 30.294479 0.000000 0.000000 0.000000 0.000000
604.000000 56.542300 -1.883244 30.324358 0.000000 0.000000 0.000000 0.000000
605.000000 56.604572 -1.889587 30.351503 0.000000 0.000000 0.000000 0.000000
606.000000 56.666086 -1.896193 30.376794 0.000000 0.000000 0.000000 0.000000
607.000000 56.728015 -1.902718 30.401544 0.000000 0.000000 0.000000 0.000000
608.000000 56.792208 -1.909571 30.426592 0.000000 0.000000 0.000000 0.000000
609.000000 56.854200 -1.915954 30.449526 0.000000 0.000000 0.000000 0.000000
610.000000 56.914898 -1.921734 30.469736 0.000000 0.000000 0.000000 0.000000
611.000000 56.981732 -1.927847 30.490912 0.000000 0.000000 0.000000 0.000000
612.000000 57.047431 -1.934403 30.510401 0.000000 0.000000 0.000000 0.000000
613.000000 57.110977 -1.942020 30.526925 0.000000 0.000000 0.000000 0.000000
614.000000 57.167676 -1.948396 30.539788 0.000000 0.000000 0.000000 0.000000
615.000000 57.219746 -1.953875 30.551118 0.000000 0.000000 0.000000 0.000000
616.000000 57.270113 -1.959679 30.562949 0.000000 0.000000 0.000000 0.000000
617.000000 57.314477 -1.965492 30.573310 0.000000 0.000000 0.000000 0.000000
618.000000 57.355302 -1.970863 30.582646 0.000000 0.000000 0.000000 0.000000
619.000000 57.395006 -1.975638 30.590884 0.000000 0.000000 0.000000 0.000000
620.000000 57.426031 -1.978389 30.597862 0.000000 0.000000 0.000000 0.000000
621.000000 57.451897 -1.981238 30.604293 0.000000 0.000000 0.000000 0.000000
622.000000 57.478152 -1.985192 30.611516 0.000000 0.000000 0.000000 0.000000
623.000000 57.503479 -1.988938 30.616958 0.000000 0.000000 0.000000 0.000000
624.000000 57.527637 -1.991676 30.622402 0.000000 0.000000 0.000000 0.000000
625.000000 57.550891 -1.994058 30.627423 0.000000 0.000000 0.000000 0.000000
626.000000 57.571406 -1.995882 30.632493 0.000000 0.000000 0.000000 0.000000
627.000000 57.589220 -1.997227 30.636826 0.000000 0.000000 0.000000 0.000000
628.000000 57.614523 -1.999460 30.643269 0.000000 0.000000 0.000000 0.000000
629.000000 57.640298 -2.001810 30.649823 0.000000 0.000000 0.000000 0.000000
630.000000 57.666795 -2.003683 30.655267 0.000000 0.000000 0.000000 0.000000
631.000000 57.693315 -2.005896 30.661918 0.000000 0.000000 0.000000 0.000000
632.000000 57.715600 -2.007512 30.667653 0.000000 0.000000 0.000000 0.000000
633.000000 57.737378 -2.009514 30.673655 0.000000 0.000000 0.000000 0.000000
634.000000 57.760592 -2.011918 30.679174 0.000000 0.000000 0.000000 0.000000
635.000000 57.787077 -2.014381 30.684753 0.000000 0.000000 0.000000 0.000000
636.000000 57.813328 -2.016502 30.689736 0.000000 0.000000 0.000000 0.000000
637.000000 57.842761 -2.018682 30.695679 0.000000 0.000000 0.000000 0.000000
638.000000 57.874922 -2.020968 30.702975 0.000000 0.000000 0.000000 0.000000
639.000000 57.908855 -2.024233 30.711739 0.000000 0.000000 0.000000 0.000000
640.000000 57.946243 -2.028032 30.721436 0.000000 0.000000 0.000000 0.000000
641.000000 57.982137 -2.031207 30.731317 0.000000 0.000000 0.000000 0.000000
642.000000 58.015476 -2.033834 30.740698 0.000000 0.000000 0.000000 0.000000
643.000000 58.051270 -2.036714 30.750522 0.000000 0.000000 0.000000 0.000000
644.000000 58.087079 -2.039933 30.760414 0.000000 0.000000 0.000000 0.000000
645.000000 58.121969 -2.043045 30.770517 0.000000 0.000000 0.000000 0.000000
646.000000 58.156870 -2.046667 30.782188 0.000000 0.000000 0.000000 0.000000
647.000000 58.192234 -2.050464 30.795684 0.000000 0.000000 0.000000 0.000000
648.000000 58.224906 -2.054321 30.809219 0.000000 0.000000 0.000000 0.000000
649.000000 58.258768 -2.058686 30.823609 0.000000 0.000000 0.000000 0.000000
650.000000 58.293457 -2.063585 30.838343 0.000000 0.000000 0.000000 0.000000
651.000000 58.329967 -2.069394 30.856849 0.000000 0.000000 0.000000 0.000000
652.000000 58.373699 -2.076256 30.880186 0.000000 0.000000 0.000000 0.000000
653.000000 58.414760 -2.082562 30.903744 0.000000 0.000000 0.000000 0.000000
654.000000 58.456662 -2.089438 30.929619 0.000000 0.000000 0.000000 0.000000
655.000000 58.498785 -2.096537 30.957764 0.000000 0.000000 0.000000 0.000000
656.000000 58.542143 -2.104296 30.988410 0.000000 0.000000 0.000000 0.000000
657.000000 58.586563 -2.112369 31.021430 0.000000 0.000000 0.000000 0.000000
658.000000 58.631648 -2.120092 31.056175 0.000000 0.000000 0.000000 0.000000
659.000000 58.677746 -2.127891 31.093563 0.000000 0.000000 0.000000 0.000000
660.000000 58.727631 -2.137154 31.136228 0.000000 0.000000 0.000000 0.000000
661.000000 58.774813 -2.146359 31.179101 0.000000 0.000000 0.000000 0.000000
662.000000 58.822822 -2.155987 31.226169 0.000000 0.000000 0.000000 0.000000
663.000000 58.869466 -2.165484 31.273418 0.000000 0.000000 0.000000 0.000000
664.000000 58.912698 -2.174417 31.318769 0.000000 0.000000 0.000000 0.000000
665.000000 58.958607 -2.184473 31.368237 0.000000 0.000000 0.000000 0.000000
666.000000 59.005812 -2.194923 31.420235 0.000000 0.000000 0.000000 0.000000
667.000000 59.056225 -2.205667 31.478619 0.000000 0.000000 0.000000 0.000000
668.000000 59.105491 -2.217125 31.538221 0.000000 0.000000 0.000000 0.000000
669.000000 59.154290 -2.228495 31.598313 0.000000 0.000000 0.000000 0.000000
670.000000 59.206275 -2.240566 31.662075 0.000000 0.000000 0.000000 0.000000
671.000000 59.257227 -2.252787 31.726108 0.000000 0.000000 0.000000 0.000000
672.000000 59.307768 -2.264940 31.788627 0.000000 0.000000 0.000000 0.000000
673.000000 59.353465 -2.275927 31.846988 0.000000 0.000000 0.000000 0.000000
674.000000 59.400548 -2.287810 31.908320 0.000000 0.000000 0.000000 0.000000
675.000000 59.448724 -2.298903 31.971402 0.000000 0.000000 0.000000 0.000000
676.000000 59.496285 -2.309993 32.034491 0.000000 0.000000 0.000000 0.000000
677.000000 59.545767 -2.321735 32.100226 0.000000 0.000000 0.000000 0.000000
678.000000 59.598478 -2.334144 32.170072 0.000000 0.000000 0.000000 0.000000
679.000000 59.650604 -2.346358 32.238885 0.000000 0.000000 0.000000 0.000000
680.000000 59.702022 -2.358278 32.306973 0.000000 0.000000 0.000000 0.000000
681.000000 59.756096 -2.371116 32.379477 0.000000 0.000000 0.000000 0.000000
682.000000 59.807287 -2.383351 32.449361 0.000000 0.000000 0.000000 0.000000
683.000000 59.859234 -2.395572 32.520643 0.000000 0.000000 0.000000 0.000000
684.000000 59.912927 -2.408811 32.593408 0.000000 0.000000 0.000000 0.000000
685.000000 59.965630 -2.421938 32.665406 0.000000 0.000000 0.000000 0.000000
686.000000 60.020929 -2.435731 32.741510 0.000000 0.000000 0.000000 0.000000
687.000000 60.077036 -2.449271 32.818260 0.000000 0.000000 0.000000 0.000000
688.000000 60.134313 -2.463141 32.897770 0.000000 0.000000 0.000000 0.000000
689.000000 60.189891 -2.476836 32.975340 0.000000 0.000000 0.000000 0.000000
690.000000 60.243295 -2.490734 33.051198 0.000000 0.000000 0.000000 0.000000
691.000000 60.299084 -2.505585 33.129904 0.000000 0.000000 0.000000 0.000000
692.000000 60.353406 -2.520452 33.206221 0.000000 0.000000 0.000000 0.000000
693.000000 60.410417 -2.536081 33.286810 0.000000 0.000000 0.000000 0.000000
694.000000 60.469733 -2.552707 33.371590 0.000000 0.000000 0.000000 0.000000
695.000000 60.527220 -2.568673 33.454631 0.000000 0.000000 0.000000 0.000000
696.000000 60.589254 -2.586128 33.544232 0.000000 0.000000 0.000000 0.000000
697.000000 60.650805 -2.603613 33.633009 0.000000 0.000000 0.000000 0.000000
698.000000 60.716481 -2.622356 33.728278 0.000000 0.000000 0.000000 0.000000
699.000000 60.780531 -2.640750 33.821226 0.000000 0.000000 0.000000 0.000000
700.000000 60.843480 -2.658909 33.913128 0.000000 0.000000 0.000000 0.000000
701.000000 60.903216 -2.676480 34.001775 0.000000 0.000000 0.000000 0.000000
702.000000 60.960096 -2.693118 34.087025 0.000000 0.000000 0.000000 0.000000
703.000000 61.016307 -2.710224 34.172268 0.000000 0.000000 0.000000 0.000000
704.000000 61.067255 -2.725984 34.250546 0.000000 0.000000 0.000000 0.000000
705.000000 61.115272 -2.740733 34.325082 0.000000 0.000000 0.000000 0.000000
706.000000 61.162703 -2.755091 34.397103 0.000000 0.000000 0.000000 0.000000
707.000000 61.209712 -2.769276 34.467234 0.000000 0.000000 0.000000 0.000000
708.000000 61.263582 -2.784933 34.544969 0.000000 0.000000 0.000000 0.000000
709.000000 61.318652 -2.801214 34.621780 0.000000 0.000000 0.000000 0.000000
710.000000 61.370564 -2.816141 34.692832 0.000000 0.000000 0.000000 0.000000
711.000000 61.424516 -2.831492 34.765337 0.000000 0.000000 0.000000 0.000000
712.000000 61.480377 -2.847271 34.837027 0.000000 0.000000 0.000000 0.000000
713.000000 61.540330 -2.863294 34.909765 0.000000 0.000000 0.000000 0.000000
714.000000 61.599241 -2.878709 34.979697 0.000000 0.000000 0.000000 0.000000
715.000000 61.661626 -2.895877 35.050439 0.000000 0.000000 0.000000 0.000000
716.000000 61.726977 -2.913776 35.120654 0.000000 0.000000 0.000000 0.000000
717.000000 61.789793 -2.930130 35.185972 0.000000 0.000000 0.000000 0.000000
718.000000 61.857302 -2.946059 35.252524 0.000000 0.000000 0.000000 0.000000
719.000000 61.931379 -2.962908 35.323988 0.000000 0.000000 0.000000 0.000000
720.000000 62.008039 -2.980836 35.393704 0.000000 0.000000 0.000000 0.000000
721.000000 62.086228 -2.998713 35.458585 0.000000 0.000000 0.000000 0.000000
722.000000 62.170834 -3.017887 35.522840 0.000000 0.000000 0.000000 0.000000
723.000000 62.258047 -3.037652 35.585623 0.000000 0.000000 0.000000 0.000000
724.000000 62.347618 -3.057516 35.645783 0.000000 0.000000 0.000000 0.000000
725.000000 62.441989 -3.078416 35.705581 0.000000 0.000000 0.000000 0.000000
726.000000 62.544960 -3.101672 35.767174 0.000000 0.000000 0.000000 0.000000
727.000000 62.645846 -3.124793 35.823105 0.000000 0.000000 0.000000 0.000000
728.000000 62.752087 -3.147784 35.878592 0.000000 0.000000 0.000000 0.000000
729.000000 62.857482 -3.170370 35.930704 0.000000 0.000000 0.000000 0.000000
730.000000 62.962761 -3.192034 35.979265 0.000000 0.000000 0.000000 0.000000
731.000000 63.067483 -3.212911 36.024048 0.000000 0.000000 0.000000 0.000000
732.000000 63.179357 -3.233854 36.070149 0.000000 0.000000 0.000000 0.000000
733.000000 63.290990 -3.253922 36.115195 0.000000 0.000000 0.000000 0.000000
734.000000 63.408117 -3.274822 36.161025 0.000000 0.000000 0.000000 0.000000
735.000000 63.522672 -3.295424 36.204831 0.000000 0.000000 0.000000 0.000000
736.000000 63.635652 -3.315672 36.247628 0.000000 0.000000 0.000000 0.000000
737.000000 63.757712 -3.337515 36.293703 0.000000 0.000000 0.000000 0.000000
738.000000 63.888110 -3.360661 36.342935 0.000000 0.000000 0.000000 0.000000
739.000000 64.011262 -3.382182 36.389306 0.000000 0.000000 0.000000 0.000000
740.000000 64.133523 -3.404000 36.434614 0.000000 0.000000 0.000000 0.000000
741.000000 64.254378 -3.426209 36.479383 0.000000 0.000000 0.000000 0.000000
742.000000 64.373491 -3.448712 36.523227 0.000000 0.000000 0.000000 0.000000
743.000000 64.488286 -3.470122 36.565884 0.000000 0.000000 0.000000 0.000000
744.000000 64.611649 -3.492926 36.611427 0.000000 0.000000 0.000000 0.000000
745.000000 64.737841 -3.515719 36.657687 0.000000 0.000000 0.000000 0.000000
746.000000 64.868762 -3.540008 36.705628 0.000000 0.000000 0.000000 0.000000
747.000000 64.991456 -3.563047 36.751135 0.000000 0.000000 0.000000 0.000000
748.000000 65.122992 -3.586470 36.800205 0.000000 0.000000 0.000000 0.000000
749.000000 65.250140 -3.609640 36.848154 0.000000 0.000000 0.000000 0.000000
750.000000 65.384884 -3.633163 36.899104 0.000000 0.000000 0.000000 0.000000
751.000000 65.514503 -3.656763 36.947696 0.000000 0.000000 0.000000 0.000000
752.000000 65.644431 -3.680530 36.995930 0.000000 0.000000 0.000000 0.000000
753.000000 65.776423 -3.704102 37.044122 0.000000 0.000000 0.000000 0.000000
754.000000 65.907919 -3.727076 37.091669 0.000000 0.000000 0.000000 0.000000
755.000000 66.041540 -3.751015 37.140156 0.000000 0.000000 0.000000 0.000000
756.000000 66.172837 -3.773781 37.187119 0.000000 0.000000 0.000000 0.000000
757.000000 66.305052 -3.796999 37.234474 0.000000 0.000000 0.000000 0.000000
758.000000 66.439951 -3.821133 37.283044 0.000000 0.000000 0.000000 0.000000
759.000000 66.581683 -3.846758 37.333705 0.000000 0.000000 0.000000 0.000000
760.000000 66.720953 -3.872473 37.383092 0.000000 0.000000 0.000000 0.000000
761.000000 66.871015 -3.900316 37.436678 0.000000 0.000000 0.000000 0.000000
762.000000 67.023368 -3.928544 37.491232 0.000000 0.000000 0.000000 0.000000
763.000000 67.181038 -3.957953 37.547539 0.000000 0.000000 0.000000 0.000000
764.000000 67.338440 -3.987156 37.603969 0.000000 0.000000 0.000000 0.000000
765.000000 67.496696 -4.017998 37.661607 0.000000 0.000000 0.000000 0.000000
766.000000 67.646478 -4.047059 37.715150 0.000000 0.000000 0.000000 0.000000
767.000000 67.798938 -4.075479 37.768323 0.000000 0.000000 0.000000 0.000000
768.000000 67.950623 -4.104596 37.820495 0.000000 0.000000 0.000000 0.000000
769.000000 68.095573 -4.131830 37.869781 0.000000 0.000000 0.000000 0.000000
770.000000 68.236878 -4.157889 37.917405 0.000000 0.000000 0.000000 0.000000
771.000000 68.381290 -4.184916 37.966198 0.000000 0.000000 0.000000 0.000000
772.000000 68.533033 -4.212707 38.017657 0.000000 0.000000 0.000000 0.000000
773.000000 68.680578 -4.240077 38.068099 0.000000 0.000000 0.000000 0.000000
774.000000 68.832396 -4.268354 38.120464 0.000000 0.000000 0.000000 0.000000
775.000000 68.995651 -4.297974 38.176256 0.000000 0.000000 0.000000 0.000000
776.000000 69.159497 -4.327542 38.231422 0.000000 0.000000 0.000000 0.000000
777.000000 69.320052 -4.357429 38.286564 0.000000 0.000000 0.000000 0.000000
778.000000 69.478444 -4.386807 38.341657 0.000000 0.000000 0.000000 0.000000
779.000000 69.644341 -4.417898 38.399087 0.000000 0.000000 0.000000 0.000000
780.000000 69.809794 -4.448418 38.456771 0.000000 0.000000 0.000000 0.000000
781.000000 69.975414 -4.480532 38.514835 0.000000 0.000000 0.000000 0.000000
782.000000 70.141470 -4.512435 38.573197 0.000000 0.000000 0.000000 0.000000
783.000000 70.301505 -4.542396 38.628862 0.000000 0.000000 0.000000 0.000000
784.000000 70.468764 -4.573881 38.688509 0.000000 0.000000 0.000000 0.000000
785.000000 70.628308 -4.604943 38.745834 0.000000 0.000000 0.000000 0.000000
786.000000 70.790495 -4.636201 38.804574 0.000000 0.000000 0.000000 0.000000
787.000000 70.951179 -4.667559 38.860912 0.000000 0.000000 0.000000 0.000000
788.000000 71.118521 -4.699601 38.920688 0.000000 0.000000 0.000000 0.000000
789.000000 71.282116 -4.731053 38.979195 0.000000 0.000000 0.000000 0.000000
790.000000 71.444906 -4.762666 39.038858 0.000000 0.000000 0.000000 0.000000
791.000000 71.607955 -4.794087 39.098979 0.000000 0.000000 0.000000 0.000000
792.000000 71.768696 -4.825372 39.158357 0.000000 0.000000 0.000000 0.000000
793.000000 71.930107 -4.857080 39.219210 0.000000 0.000000 0.000000 0.000000
794.000000 72.083184 -4.887033 39.277426 0.000000 0.000000 0.000000 0.000000
795.000000 72.232016 -4.916718 39.334513 0.000000 0.000000 0.000000 0.000000
796.000000 72.376334 -4.945499 39.389788 0.000000 0.000000 0.000000 0.000000
797.000000 72.520846 -4.974609 39.444831 0.000000 0.000000 0.000000 0.000000
798.000000 72.669360 -5.004472 39.501833 0.000000 0.000000 0.000000 0.000000
799.000000 72.814686 -5.034864 39.558441 0.000000 0.000000 0.000000 0.000000
800.000000 72.969882 -5.067189 39.618407 0.000000 0.000000 0.000000 0.000000
801.000000 73.116618 -5.098467 39.675166 0.000000 0.000000 0.000000 0.000000
802.000000 73.284207 -5.133410 39.740522 0.000000 0.000000 0.000000 0.000000
803.000000 73.446377 -5.166972 39.803980 0.000000 0.000000 0.000000 0.000000
804.000000 73.595434 -5.198259 39.862538 0.000000 0.000000 0.000000 0.000000
805.000000 73.741038 -5.229074 39.920870 0.000000 0.000000 0.000000 0.000000
806.000000 73.887572 -5.260098 39.979035 0.000000 0.000000 0.000000 0.000000
807.000000 74.032312 -5.289739 40.036072 0.000000 0.000000 0.000000 0.000000
808.000000 74.176771 -5.318304 40.093475 0.000000 0.000000 0.000000 0.000000
809.000000 74.322371 -5.348229 40.151299 0.000000 0.000000 0.000000 0.000000
810.000000 74.476095 -5.379775 40.214010 0.000000 0.000000 0.000000 0.000000
811.000000 74.633289 -5.412724 40.277820 0.000000 0.000000 0.000000 0.000000
812.000000 74.784566 -5.444156 40.339620 0.000000 0.000000 0.000000 0.000000
813.000000 74.945355 -5.476596 40.405097 0.000000 0.000000 0.000000 0.000000
814.000000 75.111539 -5.509946 40.474319 0.000000 0.000000 0.000000 0.000000
815.000000 75.276992 -5.544811 40.542744 0.000000 0.000000 0.000000 0.000000
816.000000 75.453195 -5.580513 40.615739 0.000000 0.000000 0.000000 0.000000
817.000000 75.603144 -5.611443 40.677519 0.000000 0.000000 0.000000 0.000000
818.000000 75.744932 -5.641120 40.735817 0.000000 0.000000 0.000000 0.000000
819.000000 75.880473 -5.670624 40.791757 0.000000 0.000000 0.000000 0.000000
820.000000 76.014837 -5.699399 40.847816 0.000000 0.000000 0.000000 0.000000
821.000000 76.156352 -5.729386 40.906617 0.000000 0.000000 0.000000 0.000000
822.000000 76.296883 -5.758977 40.964775 0.000000 0.000000 0.000000 0.000000
823.000000 76.440770 -5.789570 41.024865 0.000000 0.000000 0.000000 0.000000
824.000000 76.584467 -5.819613 41.084938 0.000000 0.000000 0.000000 0.000000
825.000000 76.719139 -5.848615 41.141672 0.000000 0.000000 0.000000 0.000000
826.000000 76.855099 -5.877659 41.198994 0.000000 0.000000 0.000000 0.000000
827.000000 76.983661 -5.905562 41.252835 0.000000 0.000000 0.000000 0.000000
828.000000 77.104226 -5.931653 41.303153 0.000000 0.000000 0.000000 0.000000
829.000000 77.220824 -5.956231 41.351410 0.000000 0.000000 0.000000 0.000000
830.000000 77.335953 -5.980849 41.398721 0.000000 0.000000 0.000000 0.000000
831.000000 77.454553 -6.006153 41.447055 0.000000 0.000000 0.000000 0.000000
832.000000 77.570034 -6.030893 41.494099 0.000000 0.000000 0.000000 0.000000
833.000000 77.682038 -6.055220 41.539414 0.000000 0.000000 0.000000 0.000000
834.000000 77.790790 -6.078333 41.583614 0.000000 0.000000 0.000000 0.000000
835.000000 77.906709 -6.103190 41.630984 0.000000 0.000000 0.000000 0.000000
836.000000 78.016336 -6.126465 41.677016 0.000000 0.000000 0.000000 0.000000
837.000000 78.131733 -6.150792 41.725504 0.000000 0.000000 0.000000 0.000000
838.000000 78.241105 -6.173372 41.772722 0.000000 0.000000 0.000000 0.000000
839.000000 78.355588 -6.197475 41.823594 0.000000 0.000000 0.000000 0.000000
840.000000 78.460172 -6.220006 41.869563 0.000000 0.000000 0.000000 0.000000
841.000000 78.554705 -6.239983 41.910309 0.000000 0.000000 0.000000 0.000000
842.000000 78.640808 -6.258367 41.947562 0.000000 0.000000 0.000000 0.000000
843.000000 78.724330 -6.276871 41.983937 0.000000 0.000000 0.000000 0.000000
844.000000 78.804125 -6.294848 42.019481 0.000000 0.000000 0.000000 0.000000
845.000000 78.878946 -6.311911 42.053251 0.000000 0.000000 0.000000 0.000000
846.000000 78.948381 -6.327716 42.084218 0.000000 0.000000 0.000000 0.000000
847.000000 79.014109 -6.342044 42.111581 0.000000 0.000000 0.000000 0.000000
848.000000 79.076836 -6.355878 42.137676 0.000000 0.000000 0.000000 0.000000
849.000000 79.137581 -6.369485 42.161016 0.000000 0.000000 0.000000 0.000000
850.000000 79.188800 -6.382204 42.180038 0.000000 0.000000 0.000000 0.000000
851.000000 79.239195 -6.394753 42.196314 0.000000 0.000000 0.000000 0.000000
852.000000 79.290436 -6.407380 42.210742 0.000000 0.000000 0.000000 0.000000
853.000000 79.344548 -6.419491 42.223376 0.000000 0.000000 0.000000 0.000000
854.000000 79.401532 -6.431886 42.232580 0.000000 0.000000 0.000000 0.000000
855.000000 79.453463 -6.442550 42.236968 0.000000 0.000000 0.000000 0.000000
856.000000 79.515007 -6.454089 42.237447 0.000000 0.000000 0.000000 0.000000
857.000000 79.579963 -6.466213 42.234313 0.000000 0.000000 0.000000 0.000000
858.000000 79.649591 -6.478423 42.226362 0.000000 0.000000 0.000000 0.000000
859.000000 79.716696 -6.489804 42.213981 0.000000 0.000000 0.000000 0.000000
860.000000 79.783429 -6.501732 42.198013 0.000000 0.000000 0.000000 0.000000
861.000000 79.854058 -6.513111 42.176335 0.000000 0.000000 0.000000 0.000000
862.000000 79.924067 -6.523425 42.148074 0.000000 0.000000 0.000000 0.000000
863.000000 79.990070 -6.532492 42.116898 0.000000 0.000000 0.000000 0.000000
864.000000 80.050060 -6.540840 42.082504 0.000000 0.000000 0.000000 0.000000
865.000000 80.111676 -6.550741 42.041303 0.000000 0.000000 0.000000 0.000000
866.000000 80.165362 -6.558532 42.000086 0.000000 0.000000 0.000000 0.000000
867.000000 80.213379 -6.565711 41.959279 0.000000 0.000000 0.000000 0.000000
868.000000 80.255267 -6.572795 41.918729 0.000000 0.000000 0.000000 0.000000
869.000000 80.296189 -6.579358 41.871485 0.000000 0.000000 0.000000 0.000000
870.000000 80.335908 -6.585852 41.818901 0.000000 0.000000 0.000000 0.000000
871.000000 80.377463 -6.592143 41.755414 0.000000 0.000000 0.000000 0.000000
872.000000 80.413453 -6.596580 41.691490 0.000000 0.000000 0.000000 0.000000
873.000000 80.446662 -6.601237 41.621762 0.000000 0.000000 0.000000 0.000000
874.000000 80.475500 -6.604554 41.548832 0.000000 0.000000 0.000000 0.000000
875.000000 80.495812 -6.607770 41.480538 0.000000 0.000000 0.000000 0.000000
876.000000 80.512252 -6.609399 41.406189 0.000000 0.000000 0.000000 0.000000
877.000000 80.523612 -6.610774 41.332376 0.000000 0.000000 0.000000 0.000000
878.000000 80.528928 -6.611442 41.262066 0.000000 0.000000 0.000000 0.000000
879.000000 80.530844 -6.611473 41.188175 0.000000 0.000000 0.000000 0.000000
880.000000 80.530173 -6.611685 41.111628 0.000000 0.000000 0.000000 0.000000
881.000000 80.525503 -6.611035 41.037378 0.000000 0.000000 0.000000 0.000000
882.000000 80.517913 -6.608545 40.964655 0.000000 0.000000 0.000000 0.000000
883.000000 80.507946 -6.606768 40.880363 0.000000 0.000000 0.000000 0.000000
884.000000 80.495528 -6.602813 40.788753 0.000000 0.000000 0.000000 0.000000
885.000000 80.482294 -6.598959 40.694979 0.000000 0.000000 0.000000 0.000000
886.000000 80.466835 -6.594438 40.602331 0.000000 0.000000 0.000000 0.000000
887.000000 80.448609 -6.589227 40.504019 0.000000 0.000000 0.000000 0.000000
888.000000 80.428673 -6.582990 40.409181 0.000000 0.000000 0.000000 0.000000
889.000000 80.404878 -6.575843 40.307137 0.000000 0.000000 0.000000 0.000000
890.000000 80.380256 -6.569107 40.209574 0.000000 0.000000 0.000000 0.000000
891.000000 80.352748 -6.561601 40.105925 0.000000 0.000000 0.000000 0.000000
892.000000 80.321065 -6.552349 39.997547 0.000000 0.000000 0.000000 0.000000
893.000000 80.288340 -6.542241 39.891308 0.000000 0.000000 0.000000 0.000000
894.000000 80.253663 -6.532052 39.787953 0.000000 0.000000 0.000000 0.000000
895.000000 80.215855 -6.521118 39.686551 0.000000 0.000000 0.000000 0.000000
896.000000 80.175535 -6.509988 39.586149 0.000000 0.000000 0.000000 0.000000
897.000000 80.129737 -6.496954 39.474502 0.000000 0.000000 0.000000 0.000000
898.000000 80.080003 -6.483638 39.360488 0.000000 0.000000 0.000000 0.000000
899.000000 80.025820 -6.469170 39.241423 0.000000 0.000000 0.000000 0.000000
900.000000 79.969061 -6.454248 39.119843 0.000000 0.000000 0.000000 0.000000
901.000000 79.906592 -6.438698 38.989807 0.000000 0.000000 0.000000 0.000000
902.000000 79.846820 -6.424343 38.866094 0.000000 0.000000 0.000000 0.000000
903.000000 79.781532 -6.409233 38.733274 0.000000 0.000000 0.000000 0.000000
904.000000 79.716181 -6.393844 38.599037 0.000000 0.000000 0.000000 0.000000
905.000000 79.652356 -6.376680 38.462941 0.000000 0.000000 0.000000 0.000000
906.000000 79.595013 -6.360764 38.337610 0.000000 0.000000 0.000000 0.000000
907.000000 79.539062 -6.346558 38.215007 0.000000 0.000000 0.000000 0.000000
908.000000 79.485195 -6.333458 38.096906 0.000000 0.000000 0.000000 0.000000
909.000000 79.431334 -6.320696 37.977883 0.000000 0.000000 0.000000 0.000000
910.000000 79.378467 -6.308448 37.857810 0.000000 0.000000 0.000000 0.000000
911.000000 79.327304 -6.296352 37.738020 0.000000 0.000000 0.000000 0.000000
912.000000 79.275170 -6.283623 37.613604 0.000000 0.000000 0.000000 0.000000
913.000000 79.220393 -6.270889 37.486213 0.000000 0.000000 0.000000 0.000000
914.000000 79.164154 -6.258089 37.355083 0.000000 0.000000 0.000000 0.000000
915.000000 79.109393 -6.246680 37.224465 0.000000 0.000000 0.000000 0.000000
916.000000 79.055740 -6.234706 37.093511 0.000000 0.000000 0.000000 0.000000
917.000000 79.001609 -6.223573 36.961975 0.000000 0.000000 0.000000 0.000000
918.000000 78.947178 -6.212189 36.829923 0.000000 0.000000 0.000000 0.000000
919.000000 78.892372 -6.200296 36.695656 0.000000 0.000000 0.000000 0.000000
920.000000 78.837574 -6.187164 36.560279 0.000000 0.000000 0.000000 0.000000
921.000000 78.781702 -6.174007 36.420542 0.000000 0.000000 0.000000 0.000000
922.000000 78.725439 -6.161023 36.275656 0.000000 0.000000 0.000000 0.000000
923.000000 78.669791 -6.147869 36.130603 0.000000 0.000000 0.000000 0.000000
924.000000 78.616979 -6.135232 35.992476 0.000000 0.000000 0.000000 0.000000
925.000000 78.562834 -6.121752 35.852320 0.000000 0.000000 0.000000 0.000000
926.000000 78.509427 -6.109312 35.709959 0.000000 0.000000 0.000000 0.000000
927.000000 78.453684 -6.096074 35.559776 0.000000 0.000000 0.000000 0.000000
928.000000 78.396167 -6.082518 35.404603 0.000000 0.000000 0.000000 0.000000
929.000000 78.338920 -6.068325 35.248845 0.000000 0.000000 0.000000 0.000000
930.000000 78.286204 -6.056047 35.104062 0.000000 0.000000 0.000000 0.000000
931.000000 78.232495 -6.042131 34.953459 0.000000 0.000000 0.000000 0.000000
932.000000 78.179481 -6.028903 34.805051 0.000000 0.000000 0.000000 0.000000
933.000000 78.128757 -6.016493 34.665737 0.000000 0.000000 0.000000 0.000000
934.000000 78.080727 -6.005274 34.532601 0.000000 0.000000 0.000000 0.000000
935.000000 78.037619 -5.995247 34.411336 0.000000 0.000000 0.000000 0.000000
936.000000 77.994305 -5.985211 34.288979 0.000000 0.000000 0.000000 0.000000
937.000000 77.950309 -5.974550 34.165043 0.000000 0.000000 0.000000 0.000000
938.000000 77.905663 -5.964506 34.038598 0.000000 0.000000 0.000000 0.000000
939.000000 77.862681 -5.955168 33.912329 0.000000 0.000000 0.000000 0.000000
940.000000 77.823257 -5.946848 33.795003 0.000000 0.000000 0.000000 0.000000
941.000000 77.782390 -5.937141 33.672275 0.000000 0.000000 0.000000 0.000000
942.000000 77.745350 -5.928622 33.561343 0.000000 0.000000 0.000000 0.000000
943.000000 77.708786 -5.920332 33.456209 0.000000 0.000000 0.000000 0.000000
944.000000 77.673643 -5.911858 33.355363 0.000000 0.000000 0.000000 0.000000
945.000000 77.639393 -5.903880 33.255268 0.000000 0.000000 0.000000 0.000000
946.000000 77.606846 -5.896431 33.159150 0.000000 0.000000 0.000000 0.000000
947.000000 77.573190 -5.889399 33.061368 0.000000 0.000000 0.000000 0.000000
948.000000 77.540488 -5.882305 32.967515 0.000000 0.000000 0.000000 0.000000
949.000000 77.510350 -5.876075 32.878864 0.000000 0.000000 0.000000 0.000000
950.000000 77.481230 -5.870174 32.792632 0.000000 0.000000 0.000000 0.000000
951.000000 77.453257 -5.863886 32.710475 0.000000 0.000000 0.000000 0.000000
952.000000 77.426506 -5.857909 32.633306 0.000000 0.000000 0.000000 0.000000
953.000000 77.401654 -5.852494 32.560914 0.000000 0.000000 0.000000 0.000000
954.000000 77.377454 -5.847259 32.491152 0.000000 0.000000 0.000000 0.000000
955.000000 77.356489 -5.842340 32.430325 0.000000 0.000000 0.000000 0.000000
956.000000 77.336808 -5.838397 32.371812 0.000000 0.000000 0.000000 0.000000
957.000000 77.316992 -5.835196 32.310817 0.000000 0.000000 0.000000 0.000000
958.000000 77.298900 -5.832281 32.254247 0.000000 0.000000 0.000000 0.000000
959.000000 77.281506 -5.829357 32.202875 0.000000 0.000000 0.000000 0.000000
960.000000 77.263760 -5.825319 32.154047 0.000000 0.000000 0.000000 0.000000
961.000000 77.248149 -5.821834 32.109928 0.000000 0.000000 0.000000 0.000000
962.000000 77.234175 -5.819396 32.069294 0.000000 0.000000 0.000000 0.000000
963.000000 77.220440 -5.816678 32.029268 0.000000 0.000000 0.000000 0.000000
964.000000 77.207555 -5.814270 31.993094 0.000000 0.000000 0.000000 0.000000
965.000000 77.194733 -5.811500 31.958666 0.000000 0.000000 0.000000 0.000000
966.000000 77.182782 -5.808981 31.926365 0.000000 0.000000 0.000000 0.000000
967.000000 77.170840 -5.805811 31.891861 0.000000 0.000000 0.000000 0.000000
968.000000 77.160260 -5.803601 31.861327 0.000000 0.000000 0.000000 0.000000
969.000000 77.149973 -5.801201 31.830665 0.000000 0.000000 0.000000 0.000000
970.000000 77.138556 -5.798897 31.798697 0.000000 0.000000 0.000000 0.000000
971.000000 77.126738 -5.796713 31.765888 0.000000 0.000000 0.000000 0.000000
972.000000 77.115159 -5.794609 31.733076 0.000000 0.000000 0.000000 0.000000
973.000000 77.104436 -5.792622 31.701977 0.000000 0.000000 0.000000 0.000000
974.000000 77.093816 -5.790700 31.669942 0.000000 0.000000 0.000000 0.000000
975.000000 77.082176 -5.788492 31.636706 0.000000 0.000000 0.000000 0.000000
976.000000 77.070108 -5.786018 31.603737 0.000000 0.000000 0.000000 0.000000
977.000000 77.057246 -5.783319 31.569669 0.000000 0.000000 0.000000 0.000000
978.000000 77.044532 -5.780724 31.536306 0.000000 0.000000 0.000000 0.000000
979.000000 77.032385 -5.778477 31.503246 0.000000 0.000000 0.000000 0.000000
980.000000 77.020502 -5.776128 31.470496 0.000000 0.000000 0.000000 0.000000
981.000000 77.008715 -5.773588 31.438377 0.000000 0.000000 0.000000 0.000000
982.000000 76.996622 -5.771080 31.406807 0.000000 0.000000 0.000000 0.000000
983.000000 76.984229 -5.768693 31.374660 0.000000 0.000000 0.000000 0.000000
984.000000 76.972208 -5.766488 31.343324 0.000000 0.000000 0.000000 0.000000
985.000000 76.960676 -5.763908 31.311184 0.000000 0.000000 0.000000 0.000000
986.000000 76.948941 -5.761447 31.278283 0.000000 0.000000 0.000000 0.000000
987.000000 76.935324 -5.758311 31.241897 0.000000 0.000000 0.000000 0.000000
988.000000 76.920217 -5.755018 31.203353 0.000000 0.000000 0.000000 0.000000
989.000000 76.902871 -5.751402 31.160275 0.000000 0.000000 0.000000 0.000000
990.000000 76.886770 -5.748130 31.118439 0.000000 0.000000 0.000000 0.000000
991.000000 76.871179 -5.745034 31.077187 0.000000 0.000000 0.000000 0.000000
992.000000 76.857294 -5.742402 31.040271 0.000000 0.000000 0.000000 0.000000
993.000000 76.844184 -5.739783 31.004725 0.000000 0.000000 0.000000 0.000000
994.000000 76.831030 -5.737163 30.969580 0.000000 0.000000 0.000000 0.000000
995.000000 76.817707 -5.734802 30.935130 0.000000 0.000000 0.000000 0.000000
996.000000 76.805727 -5.732649 30.904301 0.000000 0.000000 0.000000 0.000000
997.000000 76.794029 -5.730578 30.874959 0.000000 0.000000 0.000000 0.000000
998.000000 76.782648 -5.728242 30.845618 0.000000 0.000000 0.000000 0.000000
999.000000 76.769666 -5.725804 30.812552 0.000000 0.000000 0.000000 0.000000
1000.000000 76.756105 -5.723065 30.776954 0.000000 0.000000 0.000000 0.000000
1001.000000 76.741340 -5.720009 30.738546 0.000000 0.000000 0.000000 0.000000
1002.000000 76.725103 -5.716426 30.696143 0.000000 0.000000 0.000000 0.000000
1003.000000 76.708213 -5.712304 30.650485 0.000000 0.000000 0.000000 0.000000
1004.000000 76.691657 -5.708066 30.603862 0.000000 0.000000 0.000000 0.000000
1005.000000 76.675015 -5.704298 30.554546 0.000000 0.000000 0.000000 0.000000
1006.000000 76.658050 -5.700478 30.504082 0.000000 0.000000 0.000000 0.000000
1007.000000 76.640173 -5.696350 30.444493 0.000000 0.000000 0.000000 0.000000
1008.000000 76.623585 -5.692591 30.386520 0.000000 0.000000 0.000000 0.000000
1009.000000 76.607909 -5.688892 30.328371 0.000000 0.000000 0.000000 0.000000
1010.000000 76.591829 -5.685085 30.266266 0.000000 0.000000 0.000000 0.000000
1011.000000 76.575214 -5.681621 30.196370 0.000000 0.000000 0.000000 0.000000
1012.000000 76.558037 -5.677829 30.119997 0.000000 0.000000 0.000000 0.000000
1013.000000 76.540660 -5.673453 30.038925 0.000000 0.000000 0.000000 0.000000
1014.000000 76.522854 -5.669496 29.951426 0.000000 0.000000 0.000000 0.000000
1015.000000 76.505015 -5.665697 29.860641 0.000000 0.000000 0.000000 0.000000
1016.000000 76.487343 -5.661935 29.768170 0.000000 0.000000 0.000000 0.000000
1017.000000 76.469193 -5.658128 29.669544 0.000000 0.000000 0.000000 0.000000
1018.000000 76.450063 -5.655076 29.561802 0.000000 0.000000 0.000000 0.000000
1019.000000 76.430348 -5.650523 29.446242 0.000000 0.000000 0.000000 0.000000
1020.000000 76.410603 -5.646027 29.326689 0.000000 0.000000 0.000000 0.000000
1021.000000 76.390889 -5.642544 29.207679 0.000000 0.000000 0.000000 0.000000
1022.000000 76.370437 -5.638935 29.084162 0.000000 0.000000 0.000000 0.000000
1023.000000 76.350359 -5.635321 28.964726 0.000000 0.000000 0.000000 0.000000
1024.000000 76.329527 -5.631094 28.841345 0.000000 0.000000 0.000000 0.000000
1025.000000 76.310496 -5.626536 28.722079 0.000000 0.000000 0.000000 0.000000
1026.000000 76.292575 -5.622829 28.606746 0.000000 0.000000 0.000000 0.000000
1027.000000 76.275538 -5.619167 28.492555 0.000000 0.000000 0.000000 0.000000
1028.000000 76.256829 -5.616487 28.371069 0.000000 0.000000 0.000000 0.000000
1029.000000 76.237598 -5.613324 28.252195 0.000000 0.000000 0.000000 0.000000
1030.000000 76.219369 -5.610215 28.132506 0.000000 0.000000 0.000000 0.000000
1031.000000 76.200709 -5.607175 28.008498 0.000000 0.000000 0.000000 0.000000
1032.000000 76.182966 -5.604611 27.884686 0.000000 0.000000 0.000000 0.000000
1033.000000 76.165861 -5.602536 27.759637 0.000000 0.000000 0.000000 0.000000
1034.000000 76.149541 -5.600830 27.635024 0.000000 0.000000 0.000000 0.000000
1035.000000 76.133884 -5.598929 27.507177 0.000000 0.000000 0.000000 0.000000
1036.000000 76.118040 -5.596084 27.367106 0.000000 0.000000 0.000000 0.000000
1037.000000 76.102829 -5.593293 27.221759 0.000000 0.000000 0.000000 0.000000
1038.000000 76.087829 -5.590578 27.073323 0.000000 0.000000 0.000000 0.000000
1039.000000 76.072660 -5.588397 26.920315 0.000000 0.000000 0.000000 0.000000
1040.000000 76.059274 -5.585782 26.778094 0.000000 0.000000 0.000000 0.000000
1041.000000 76.046097 -5.583207 26.636946 0.000000 0.000000 0.000000 0.000000
1042.000000 76.032621 -5.581494 26.498329 0.000000 0.000000 0.000000 0.000000
1043.000000 76.019735 -5.580231 26.371213 0.000000 0.000000 0.000000 0.000000
1044.000000 76.006254 -5.579130 26.242515 0.000000 0.000000 0.000000 0.000000
1045.000000 75.992968 -5.578450 26.115033 0.000000 0.000000 0.000000 0.000000
1046.000000 75.978419 -5.577805 25.979145 0.000000 0.000000 0.000000 0.000000
1047.000000 75.962944 -5.576973 25.844736 0.000000 0.000000 0.000000 0.000000
1048.000000 75.949172 -5.576349 25.720032 0.000000 0.000000 0.000000 0.000000
1049.000000 75.935795 -5.575480 25.602958 0.000000 0.000000 0.000000 0.000000
1050.000000 75.920811 -5.574850 25.478397 0.000000 0.000000 0.000000 0.000000
1051.000000 75.906845 -5.574537 25.363909 0.000000 0.000000 0.000000 0.000000
1052.000000 75.895046 -5.574220 25.262970 0.000000 0.000000 0.000000 0.000000
1053.000000 75.884104 -5.573910 25.164719 0.000000 0.000000 0.000000 0.000000
1054.000000 75.871548 -5.573462 25.062168 0.000000 0.000000 0.000000 0.000000
1055.000000 75.858374 -5.573338 24.954933 0.000000 0.000000 0.000000 0.000000
1056.000000 75.844156 -5.573396 24.843082 0.000000 0.000000 0.000000 0.000000
1057.000000 75.829078 -5.573898 24.724804 0.000000 0.000000 0.000000 0.000000
1058.000000 75.814970 -5.574010 24.608431 0.000000 0.000000 0.000000 0.000000
1059.000000 75.799837 -5.573776 24.484778 0.000000 0.000000 0.000000 0.000000
1060.000000 75.784492 -5.573613 24.355158 0.000000 0.000000 0.000000 0.000000
1061.000000 75.769756 -5.574287 24.225198 0.000000 0.000000 0.000000 0.000000
1062.000000 75.754765 -5.575004 24.094706 0.000000 0.000000 0.000000 0.000000
1063.000000 75.739579 -5.576067 23.962094 0.000000 0.000000 0.000000 0.000000
1064.000000 75.725332 -5.577159 23.835377 0.000000 0.000000 0.000000 0.000000
1065.000000 75.710466 -5.577781 23.708891 0.000000 0.000000 0.000000 0.000000
1066.000000 75.695701 -5.578932 23.581456 0.000000 0.000000 0.000000 0.000000
1067.000000 75.681997 -5.580271 23.456618 0.000000 0.000000 0.000000 0.000000
1068.000000 75.668719 -5.581444 23.336304 0.000000 0.000000 0.000000 0.000000
1069.000000 75.656768 -5.582606 23.225419 0.000000 0.000000 0.000000 0.000000
1070.000000 75.644570 -5.583837 23.107080 0.000000 0.000000 0.000000 0.000000
1071.000000 75.632234 -5.584625 22.988272 0.000000 0.000000 0.000000 0.000000
1072.000000 75.620051 -5.585119 22.864939 0.000000 0.000000 0.000000 0.000000
1073.000000 75.609050 -5.585902 22.746408 0.000000 0.000000 0.000000 0.000000
1074.000000 75.597767 -5.587361 22.625608 0.000000 0.000000 0.000000 0.000000
1075.000000 75.587267 -5.588933 22.504113 0.000000 0.000000 0.000000 0.000000
1076.000000 75.577607 -5.591399 22.379759 0.000000 0.000000 0.000000 0.000000
1077.000000 75.568358 -5.593881 22.252124 0.000000 0.000000 0.000000 0.000000
1078.000000 75.559734 -5.596740 22.128284 0.000000 0.000000 0.000000 0.000000
1079.000000 75.550950 -5.599183 21.995230 0.000000 0.000000 0.000000 0.000000
1080.000000 75.542482 -5.600875 21.858204 0.000000 0.000000 0.000000 0.000000
1081.000000 75.533001 -5.602753 21.710181 0.000000 0.000000 0.000000 0.000000
1082.000000 75.523697 -5.604776 21.574076 0.000000 0.000000 0.000000 0.000000
1083.000000 75.513560 -5.606900 21.430668 0.000000 0.000000 0.000000 0.000000
1084.000000 75.503286 -5.609822 21.287311 0.000000 0.000000 0.000000 0.000000
1085.000000 75.492985 -5.612190 21.144913 0.000000 0.000000 0.000000 0.000000
1086.000000 75.482478 -5.614959 21.007050 0.000000 0.000000 0.000000 0.000000
1087.000000 75.472488 -5.618348 20.871481 0.000000 0.000000 0.000000 0.000000
1088.000000 75.462530 -5.621619 20.743122 0.000000 0.000000 0.000000 0.000000
1089.000000 75.452693 -5.624102 20.616470 0.000000 0.000000 0.000000 0.000000
1090.000000 75.443461 -5.626845 20.487817 0.000000 0.000000 0.000000 0.000000
1091.000000 75.432094 -5.630603 20.347995 0.000000 0.000000 0.000000 0.000000
1092.000000 75.420559 -5.634183 20.214158 0.000000 0.000000 0.000000 0.000000
1093.000000 75.408905 -5.637593 20.088064 0.000000 0.000000 0.000000 0.000000
1094.000000 75.397628 -5.641143 19.961110 0.000000 0.000000 0.000000 0.000000
1095.000000 75.386605 -5.644559 19.845702 0.000000 0.000000 0.000000 0.000000
1096.000000 75.376645 -5.647608 19.738940 0.000000 0.000000 0.000000 0.000000
1097.000000 75.367393 -5.650679 19.642476 0.000000 0.000000 0.000000 0.000000
1098.000000 75.358629 -5.653453 19.555168 0.000000 0.000000 0.000000 0.000000
1099.000000 75.350917 -5.656098 19.475263 0.000000 0.000000 0.000000 0.000000
1100.000000 75.343067 -5.658691 19.395149 0.000000 0.000000 0.000000 0.000000
1101.000000 75.335314 -5.660274 19.318968 0.000000 0.000000 0.000000 0.000000
1102.000000 75.329975 -5.662447 19.255219 0.000000 0.000000 0.000000 0.000000
1103.000000 75.325033 -5.664552 19.194688 0.000000 0.000000 0.000000 0.000000
1104.000000 75.319290 -5.666333 19.133802 0.000000 0.000000 0.000000 0.000000
1105.000000 75.313101 -5.668221 19.072470 0.000000 0.000000 0.000000 0.000000
1106.000000 75.306629 -5.670233 19.009897 0.000000 0.000000 0.000000 0.000000
1107.000000 75.301265 -5.672786 18.946031 0.000000 0.000000 0.000000 0.000000
1108.000000 75.296101 -5.675150 18.883043 0.000000 0.000000 0.000000 0.000000
1109.000000 75.290337 -5.677548 18.820102 0.000000 0.000000 0.000000 0.000000
1110.000000 75.284234 -5.679718 18.761329 0.000000 0.000000 0.000000 0.000000
1111.000000 75.277115 -5.681761 18.697770 0.000000 0.000000 0.000000 0.000000
1112.000000 75.270879 -5.684331 18.637147 0.000000 0.000000 0.000000 0.000000
1113.000000 75.265214 -5.687025 18.579737 0.000000 0.000000 0.000000 0.000000
1114.000000 75.259441 -5.689529 18.523897 0.000000 0.000000 0.000000 0.000000
1115.000000 75.253891 -5.692039 18.471247 0.000000 0.000000 0.000000 0.000000
1116.000000 75.248449 -5.694694 18.421259 0.000000 0.000000 0.000000 0.000000
1117.000000 75.243879 -5.697129 18.373847 0.000000 0.000000 0.000000 0.000000
1118.000000 75.239288 -5.699347 18.327352 0.000000 0.000000 0.000000 0.000000
1119.000000 75.234174 -5.701768 18.281215 0.000000 0.000000 0.000000 0.000000
1120.000000 75.229302 -5.704224 18.237140 0.000000 0.000000 0.000000 0.000000
1121.000000 75.225447 -5.706587 18.194774 0.000000 0.000000 0.000000 0.000000
1122.000000 75.221806 -5.709453 18.149530 0.000000 0.000000 0.000000 0.000000
1123.000000 75.218775 -5.712291 18.106665 0.000000 0.000000 0.000000 0.000000
1124.000000 75.216438 -5.715334 18.063427 0.000000 0.000000 0.000000 0.000000
1125.000000 75.213815 -5.718041 18.020161 0.000000 0.000000 0.000000 0.000000
1126.000000 75.211241 -5.720673 17.979405 0.000000 0.000000 0.000000 0.000000
1127.000000 75.208743 -5.723186 17.939139 0.000000 0.000000 0.000000 0.000000
1128.000000 75.206292 -5.725713 17.901154 0.000000 0.000000 0.000000 0.000000
1129.000000 75.203831 -5.728334 17.862571 0.000000 0.000000 0.000000 0.000000
1130.000000 75.201192 -5.731219 17.822074 0.000000 0.000000 0.000000 0.000000
1131.000000 75.198687 -5.734159 17.783260 0.000000 0.000000 0.000000 0.000000
1132.000000 75.195979 -5.737099 17.745526 0.000000 0.000000 0.000000 0.000000
1133.000000 75.192942 -5.739700 17.710470 0.000000 0.000000 0.000000 0.000000
1134.000000 75.190322 -5.742351 17.678049 0.000000 0.000000 0.000000 0.000000
1135.000000 75.188453 -5.744995 17.648738 0.000000 0.000000 0.000000 0.000000
1136.000000 75.186600 -5.746967 17.622977 0.000000 0.000000 0.000000 0.000000
1137.000000 75.184488 -5.748893 17.596807 0.000000 0.000000 0.000000 0.000000
1138.000000 75.182660 -5.750812 17.571682 0.000000 0.000000 0.000000 0.000000
1139.000000 75.181086 -5.753044 17.547039 0.000000 0.000000 0.000000 0.000000
1140.000000 75.179548 -5.755056 17.522596 0.000000 0.000000 0.000000 0.000000
1141.000000 75.177498 -5.756919 17.498399 0.000000 0.000000 0.000000 0.000000
1142.000000 75.175319 -5.758836 17.474831 0.000000 0.000000 0.000000 0.000000
1143.000000 75.173383 -5.760837 17.450616 0.000000 0.000000 0.000000 0.000000
1144.000000 75.171909 -5.763004 17.427660 0.000000 0.000000 0.000000 0.000000
1145.000000 75.170584 -5.764889 17.405277 0.000000 0.000000 0.000000 0.000000
1146.000000 75.169078 -5.766857 17.382808 0.000000 0.000000 0.000000 0.000000
1147.000000 75.167186 -5.768728 17.360839 0.000000 0.000000 0.000000 0.000000
1148.000000 75.165235 -5.770550 17.339455 0.000000 0.000000 0.000000 0.000000
1149.000000 75.163500 -5.772273 17.318689 0.000000 0.000000 0.000000 0.000000
1150.000000 75.161725 -5.773886 17.298448 0.000000 0.000000 0.000000 0.000000
1151.000000 75.160038 -5.775380 17.280253 0.000000 0.000000 0.000000 0.000000
1152.000000 75.158424 -5.776858 17.262580 0.000000 0.000000 0.000000 0.000000
1153.000000 75.156980 -5.778322 17.246174 0.000000 0.000000 0.000000 0.000000
1154.000000 75.155438 -5.779477 17.230017 0.000000 0.000000 0.000000 0.000000
1155.000000 75.153826 -5.780550 17.214686 0.000000 0.000000 0.000000 0.000000
1156.000000 75.152263 -5.781514 17.200970 0.000000 0.000000 0.000000 0.000000
1157.000000 75.150731 -5.782399 17.188305 0.000000 0.000000 0.000000 0.000000
1158.000000 75.149148 -5.783177 17.176233 0.000000 0.000000 0.000000 0.000000
1159.000000 75.147340 -5.783875 17.164396 0.000000 0.000000 0.000000 0.000000
1160.000000 75.145418 -5.784536 17.152758 0.000000 0.000000 0.000000 0.000000
1161.000000 75.143382 -5.785285 17.140512 0.000000 0.000000 0.000000 0.000000
1162.000000 75.141406 -5.786220 17.127703 0.000000 0.000000 0.000000 0.000000
1163.000000 75.139347 -5.787337 17.113463 0.000000 0.000000 0.000000 0.000000
1164.000000 75.137531 -5.788662 17.098327 0.000000 0.000000 0.000000 0.000000
1165.000000 75.135562 -5.789897 17.082811 0.000000 0.000000 0.000000 0.000000
1166.000000 75.133589 -5.791098 17.066132 0.000000 0.000000 0.000000 0.000000
1167.000000 75.131518 -5.792425 17.048530 0.000000 0.000000 0.000000 0.000000
1168.000000 75.129429 -5.793862 17.030484 0.000000 0.000000 0.000000 0.000000
1169.000000 75.127395 -5.795288 17.011735 0.000000 0.000000 0.000000 0.000000
1170.000000 75.125503 -5.796896 16.991711 0.000000 0.000000 0.000000 0.000000
1171.000000 75.123599 -5.798511 16.971759 0.000000 0.000000 0.000000 0.000000
1172.000000 75.121781 -5.800192 16.951177 0.000000 0.000000 0.000000 0.000000
1173.000000 75.119774 -5.801815 16.930323 0.000000 0.000000 0.000000 0.000000
1174.000000 75.117803 -5.803531 16.909074 0.000000 0.000000 0.000000 0.000000
1175.000000 75.115869 -5.805417 16.887540 0.000000 0.000000 0.000000 0.000000
1176.000000 75.114002 -5.807348 16.864810 0.000000 0.000000 0.000000 0.000000
1177.000000 75.111926 -5.809359 16.840961 0.000000 0.000000 0.000000 0.000000
1178.000000 75.109955 -5.811347 16.816978 0.000000 0.000000 0.000000 0.000000
1179.000000 75.108021 -5.813296 16.792066 0.000000 0.000000 0.000000 0.000000
1180.000000 75.106123 -5.815162 16.766813 0.000000 0.000000 0.000000 0.000000
1181.000000 75.104140 -5.817110 16.739088 0.000000 0.000000 0.000000 0.000000
1182.000000 75.101897 -5.819150 16.709466 0.000000 0.000000 0.000000 0.000000
1183.000000 75.099895 -5.821286 16.680268 0.000000 0.000000 0.000000 0.000000
1184.000000 75.098307 -5.823585 16.652165 0.000000 0.000000 0.000000 0.000000
1185.000000 75.097008 -5.825939 16.624700 0.000000 0.000000 0.000000 0.000000
1186.000000 75.095727 -5.828677 16.595761 0.000000 0.000000 0.000000 0.000000
1187.000000 75.093869 -5.831407 16.566195 0.000000 0.000000 0.000000 0.000000
1188.000000 75.092123 -5.833737 16.536659 0.000000 0.000000 0.000000 0.000000
1189.000000 75.090425 -5.835742 16.508258 0.000000 0.000000 0.000000 0.000000
1190.000000 75.088152 -5.837606 16.478815 0.000000 0.000000 0.000000 0.000000
1191.000000 75.086365 -5.839597 16.449147 0.000000 0.000000 0.000000 0.000000
1192.000000 75.084780 -5.842007 16.420000 0.000000 0.000000 0.000000 0.000000
1193.000000 75.083610 -5.844504 16.391283 0.000000 0.000000 0.000000 0.000000
1194.000000 75.081992 -5.846958 16.362033 0.000000 0.000000 0.000000 0.000000
1195.000000 75.079904 -5.849004 16.333536 0.000000 0.000000 0.000000 0.000000
1196.000000 75.078084 -5.850631 16.306202 0.000000 0.000000 0.000000 0.000000
